Dimensions;Vertices;Edge probability;Connectivity prob.;Edges;Expected value of edge count;Average degree;Expected value of degree;Density;Average density;Average path length;Grouping factor;Degree variance;Normalized degree variance;Average difference of vertex probability;Vertex probability difference variance
2;10;0.02;0.00;1.15;0.06;0.23;0.01;0.03;0.00;0.03;0.06;0.01130521;0.002148148;0;0
2;10;0.04;0.00;2.35;0.23;0.47;0.05;0.05;0.01;0.05;0.04;0.045166552;0.004320988;0;0.000000007
2;10;0.06;0.00;4.20;0.51;0.84;0.10;0.09;0.01;0.12;0.12;0.101421167;0.007580247;0;0.000000145
2;10;0.08;0.00;5.25;0.90;1.05;0.18;0.12;0.02;0.15;0.22;0.17979762;0.01017284;0;0.000001141
2;10;0.10;0.00;6.80;1.41;1.36;0.28;0.15;0.03;0.20;0.27;0.279915905;0.012962963;0;0.000005005
2;10;0.12;0.05;6.85;2.04;1.37;0.41;0.15;0.05;0.23;0.34;0.401287442;0.010814815;0;0.000014894
2;10;0.14;0.10;8.15;2.77;1.63;0.55;0.18;0.06;0.29;0.36;0.543315076;0.012666667;0;0.000033483
2;10;0.16;0.20;9.50;3.62;1.90;0.72;0.21;0.08;0.30;0.54;0.70529308;0.014814815;0.000000001;0.000061033
2;10;0.18;0.20;11.00;4.58;2.20;0.92;0.24;0.10;0.42;0.43;0.886407153;0.018888889;0.000000005;0.000095234
2;10;0.20;0.45;12.55;5.65;2.51;1.13;0.28;0.13;0.55;0.55;1.085734421;0.020493827;0.000000034;0.000133332
2;10;0.22;0.55;13.30;6.84;2.66;1.37;0.30;0.15;0.47;0.62;1.302243436;0.020691358;0.000000184;0.0001747
2;10;0.24;0.80;14.55;8.14;2.91;1.63;0.32;0.18;0.62;0.61;1.534794178;0.015283951;0.000000831;0.000221738
2;10;0.26;0.60;15.90;9.56;3.18;1.91;0.35;0.21;0.69;0.66;1.78213805;0.027925926;0.000003198;0.000278867
2;10;0.28;0.45;16.60;11.08;3.32;2.22;0.37;0.25;0.61;0.73;2.042917887;0.03;0.000010721;0.000351067
2;10;0.30;0.70;17.20;12.72;3.44;2.54;0.38;0.28;0.82;0.67;2.315667945;0.021802469;0.000031822;0.000443322
2;10;0.32;0.85;19.50;14.48;3.90;2.90;0.43;0.32;0.92;0.72;2.59881391;0.021185185;0.000084782;0.00056111
2;10;0.34;0.80;18.60;16.34;3.72;3.27;0.41;0.36;1.04;0.73;2.890672894;0.025209877;0.000205;0.000711342
2;10;0.36;0.80;20.45;18.32;4.09;3.66;0.45;0.41;1.04;0.74;3.189453435;0.030197531;0.000454067;0.000903239
2;10;0.38;0.95;20.55;20.41;4.11;4.08;0.46;0.45;1.03;0.79;3.493255498;0.026592593;0.000928594;0.001148947
2;10;0.40;1.00;21.30;22.62;4.26;4.52;0.47;0.50;1.14;0.79;3.800070474;0.025283951;0.001765286;0.001463845
2;10;0.42;0.95;23.55;24.94;4.71;4.99;0.52;0.55;1.12;0.77;4.10778118;0.030518519;0.003138032;0.001866977
2;10;0.44;1.00;24.30;27.37;4.86;5.47;0.54;0.61;1.10;0.82;4.414161862;0.028222222;0.005243556;0.002383894
2;10;0.46;1.00;24.40;29.91;4.88;5.98;0.54;0.66;1.08;0.81;4.716878191;0.026444444;0.008274843;0.003058987
2;10;0.48;1.00;24.75;32.57;4.95;6.51;0.55;0.72;1.06;0.82;5.013487263;0.02454321;0.012385561;0.003995746
2;10;0.50;0.95;27.80;35.34;5.56;7.07;0.62;0.79;1.10;0.84;5.301437603;0.03037037;0.017652632;0.005480258
2;20;0.02;0.00;5.05;0.24;0.51;0.02;0.03;0.00;0.03;0.07;0.023866554;0.001034626;0;0
2;20;0.04;0.00;10.00;0.96;1.00;0.10;0.05;0.01;0.07;0.15;0.09535161;0.002398892;0;0.000000013
2;20;0.06;0.05;16.45;2.15;1.65;0.21;0.09;0.01;0.13;0.37;0.214111352;0.00416205;0;0.000000224
2;20;0.08;0.05;20.05;3.82;2.01;0.38;0.11;0.02;0.19;0.50;0.379572754;0.004195291;0;0.000001342
2;20;0.10;0.30;26.95;5.97;2.70;0.60;0.14;0.03;0.35;0.54;0.590933578;0.006040166;0;0.00000426
2;20;0.12;0.30;29.60;8.60;2.96;0.86;0.16;0.05;0.35;0.66;0.847162378;0.005864266;0;0.000008974
2;20;0.14;0.50;36.75;11.70;3.68;1.17;0.19;0.06;0.50;0.68;1.146998494;0.008414127;0;0.000014603
2;20;0.16;0.60;40.10;15.28;4.01;1.53;0.21;0.08;0.66;0.71;1.488952058;0.008501385;0;0.000020719
2;20;0.18;0.85;44.40;19.34;4.44;1.93;0.23;0.10;1.02;0.74;1.87130399;0.007055402;0;0.000027921
2;20;0.20;0.85;51.20;23.88;5.12;2.39;0.27;0.13;1.21;0.76;2.292106;0.009534626;0;0.000037196
2;20;0.22;0.85;54.80;28.89;5.48;2.89;0.29;0.15;1.10;0.80;2.749180588;0.010645429;0;0.000049357
2;20;0.24;0.95;60.15;34.38;6.02;3.44;0.32;0.18;1.14;0.79;3.240121042;0.01184349;0;0.000065078
2;20;0.26;0.95;64.30;40.35;6.43;4.04;0.34;0.21;1.16;0.79;3.76229144;0.01099169;0.000000001;0.000085129
2;20;0.28;1.00;71.65;46.80;7.17;4.68;0.38;0.25;1.50;0.79;4.31282665;0.014743767;0.000000006;0.000110525
2;20;0.30;1.00;70.75;53.72;7.08;5.37;0.37;0.28;1.55;0.80;4.888632328;0.015602493;0.000000051;0.000142616
2;20;0.32;0.95;75.95;61.12;7.60;6.11;0.40;0.32;1.40;0.80;5.486384922;0.017134349;0.000000338;0.000183205
2;20;0.34;1.00;78.65;69.00;7.87;6.90;0.41;0.36;1.64;0.81;6.102531666;0.012882271;0.000001828;0.000234739
2;20;0.36;1.00;87.75;77.36;8.78;7.74;0.46;0.41;1.50;0.82;6.733290586;0.023469529;0.00000826;0.000300593
2;20;0.38;1.00;89.30;86.19;8.93;8.62;0.47;0.45;1.51;0.82;7.374650496;0.017562327;0.000031635;0.000385553
2;20;0.40;1.00;90.90;95.50;9.09;9.55;0.48;0.50;1.55;0.82;8.022371;0.018709141;0.000104127;0.000496553
2;20;0.42;1.00;95.95;105.29;9.60;10.53;0.51;0.55;1.50;0.83;8.671982492;0.01682964;0.000298044;0.000643781
2;20;0.44;1.00;99.95;115.56;10.00;11.56;0.53;0.61;1.43;0.83;9.318786154;0.019004155;0.000749707;0.000841955
2;20;0.46;1.00;102.05;126.30;10.21;12.63;0.54;0.66;1.39;0.83;9.957853958;0.021018006;0.00167313;0.001111652
2;20;0.48;1.00;108.75;137.53;10.88;13.75;0.57;0.72;1.36;0.84;10.58402867;0.021862881;0.003342126;0.001483683
2;20;0.50;1.00;104.00;149.23;10.40;14.92;0.55;0.79;1.36;0.85;11.19192383;0.019168975;0.006025453;0.002024617
2;30;0.02;0.00;12.25;0.55;0.82;0.04;0.03;0.00;0.03;0.13;0.036427898;0.000999075;0;0
2;30;0.04;0.00;23.75;2.19;1.58;0.15;0.05;0.01;0.08;0.40;0.145536667;0.001989431;0;0.000000017
2;30;0.06;0.15;37.15;4.92;2.48;0.33;0.09;0.01;0.17;0.53;0.326801537;0.002179152;0;0.000000243
2;30;0.08;0.40;46.95;8.75;3.13;0.58;0.11;0.02;0.28;0.64;0.579347887;0.003071476;0;0.000001137
2;30;0.10;0.45;57.50;13.67;3.83;0.91;0.13;0.03;0.48;0.71;0.901951251;0.003667856;0;0.000002788
2;30;0.12;0.80;68.05;19.68;4.54;1.31;0.16;0.05;0.89;0.72;1.293037313;0.004108865;0;0.000004764
2;30;0.14;1.00;80.65;26.79;5.38;1.79;0.19;0.06;1.05;0.75;1.750681912;0.005203329;0;0.000006975
2;30;0.16;0.95;91.45;34.98;6.10;2.33;0.21;0.08;1.38;0.76;2.272611035;0.005535474;0;0.000009812
2;30;0.18;1.00;101.75;44.28;6.78;2.95;0.23;0.10;1.47;0.76;2.856200826;0.007792311;0;0.000013662
2;30;0.20;0.95;115.85;54.66;7.72;3.64;0.27;0.13;1.75;0.78;3.498477579;0.00707861;0;0.000018781
2;30;0.22;1.00;129.65;66.14;8.64;4.41;0.30;0.15;1.75;0.77;4.196117739;0.010662703;0;0.000025429
2;30;0.24;1.00;138.70;78.72;9.25;5.25;0.32;0.18;1.68;0.79;4.945447906;0.008908707;0;0.000033938
2;30;0.26;1.00;147.60;92.38;9.84;6.16;0.34;0.21;1.82;0.79;5.742444829;0.009662571;0;0.000044744
2;30;0.28;1.00;157.75;107.14;10.52;7.14;0.36;0.25;1.79;0.81;6.582735413;0.012370458;0;0.000058409
2;30;0.30;1.00;171.00;122.99;11.40;8.20;0.39;0.28;1.75;0.79;7.461596712;0.013519091;0;0.00007567
2;30;0.32;1.00;178.70;139.94;11.91;9.33;0.41;0.32;1.72;0.82;8.373955933;0.012717664;0.000000002;0.0000975
2;30;0.34;1.00;186.15;157.98;12.41;10.53;0.43;0.36;1.77;0.82;9.314390437;0.013894306;0.000000024;0.000125214
2;30;0.36;1.00;197.10;177.11;13.14;11.81;0.45;0.41;1.65;0.81;10.27712774;0.013878716;0.000000219;0.000160626
2;30;0.38;1.00;206.90;197.34;13.79;13.16;0.48;0.45;1.67;0.82;11.25604549;0.015074382;0.000001558;0.000206305
2;30;0.40;1.00;213.15;218.65;14.21;14.58;0.49;0.50;1.64;0.83;12.24467153;0.017120095;0.000008814;0.000266001
2;30;0.42;1.00;220.85;241.07;14.72;16.07;0.51;0.55;1.59;0.83;13.2361838;0.017648831;0.000040287;0.000345388
2;30;0.44;1.00;226.05;264.57;15.07;17.64;0.52;0.61;1.57;0.84;14.22341045;0.015623464;0.000151097;0.000453341
2;30;0.46;1.00;227.15;289.17;15.14;19.28;0.52;0.66;1.59;0.84;15.19882973;0.017685295;0.000471636;0.000603855
2;30;0.48;1.00;258.70;314.86;17.25;20.99;0.59;0.72;1.44;0.85;16.15457007;0.02389959;0.001241533;0.000818451
2;30;0.50;1.00;250.30;341.65;16.69;22.78;0.58;0.79;1.42;0.85;17.08241005;0.018134232;0.002791255;0.001133488
2;40;0.02;0.00;22.85;0.98;1.14;0.05;0.03;0.00;0.04;0.24;0.048989242;0.000707676;0;0
2;40;0.04;0.00;43.90;3.92;2.20;0.20;0.06;0.01;0.11;0.48;0.195721725;0.0014405;0;0.000000019
2;40;0.06;0.05;66.10;8.82;3.31;0.44;0.08;0.01;0.23;0.63;0.439491722;0.001761177;0;0.000000233
2;40;0.08;0.70;86.15;15.68;4.31;0.78;0.11;0.02;0.39;0.72;0.779123021;0.002819116;0;0.000000875
2;40;0.10;0.90;110.95;24.50;5.55;1.23;0.14;0.03;0.93;0.74;1.212968924;0.003459648;0;0.000001786
2;40;0.12;0.80;130.05;35.29;6.50;1.76;0.17;0.05;1.04;0.76;1.738912249;0.003784435;0;0.000002806
2;40;0.14;1.00;146.50;48.03;7.33;2.40;0.19;0.06;1.63;0.76;2.354365329;0.004383794;-0.000000005;0.000004134
2;40;0.16;1.00;176.60;62.73;8.83;3.14;0.23;0.08;1.74;0.78;3.056270013;0.005873603;-0.000000093;0.000005993
2;40;0.18;1.00;187.85;79.39;9.39;3.97;0.24;0.10;2.09;0.78;3.841097663;0.006184665;-0.000001176;0.000008516
2;40;0.20;1.00;206.65;98.02;10.33;4.90;0.26;0.13;1.94;0.79;4.704849158;0.005548241;-0.000009965;0.00001185
2;40;0.22;1.00;226.75;118.60;11.34;5.93;0.29;0.15;2.10;0.80;5.643054891;0.007408366;-0.000060229;0.000016392
2;40;0.24;1.00;241.20;141.15;12.06;7.06;0.31;0.18;1.96;0.79;6.65077477;0.00728764;-0.00027079;0.000024662
2;40;0.26;1.00;258.35;165.65;12.92;8.28;0.33;0.21;2.06;0.79;7.722598219;0.006093935;-0.000934419;0.000048751
2;40;0.28;1.00;276.60;192.11;13.83;9.61;0.35;0.25;1.94;0.81;8.852644176;0.008344017;-0.002535958;0.00011766
2;40;0.30;1.00;298.10;220.54;14.91;11.03;0.38;0.28;1.96;0.81;10.0345611;0.009296515;-0.005526652;0.000254954
2;40;0.32;1.00;306.20;250.93;15.31;12.55;0.39;0.32;1.94;0.81;11.26152695;0.010191815;-0.009868962;0.000442756
2;40;0.34;1.00;327.60;283.27;16.38;14.16;0.42;0.36;1.82;0.81;12.52624921;0.010007725;-0.014770524;0.000641166
2;40;0.36;1.00;341.10;317.58;17.06;15.88;0.44;0.41;1.82;0.82;13.82096489;0.009832676;-0.019037847;0.000807894
2;40;0.38;1.00;368.20;353.84;18.41;17.69;0.47;0.45;1.73;0.82;15.13744049;0.014611275;-0.021777871;0.000893281
2;40;0.40;1.00;382.80;392.07;19.14;19.60;0.49;0.50;1.68;0.83;16.46697205;0.017095332;-0.022652536;0.000872701
2;40;0.42;1.00;388.65;432.26;19.43;21.61;0.50;0.55;1.60;0.83;17.80038512;0.013257479;-0.021444855;0.00074942
2;40;0.44;1.00;414.75;474.41;20.74;23.72;0.53;0.61;1.56;0.83;19.12803474;0.015022272;-0.017679042;0.000581636
2;40;0.46;1.00;414.70;518.51;20.74;25.93;0.53;0.66;1.56;0.83;20.43980549;0.01422025;-0.011343974;0.000572167
2;40;0.48;1.00;444.50;564.58;22.23;28.23;0.57;0.72;1.48;0.84;21.72511147;0.017018738;-0.004363834;0.000721583
2;40;0.50;1.00;458.00;612.61;22.90;30.63;0.59;0.79;1.45;0.85;22.97289628;0.018078731;0.000470437;0.000813709
2;50;0.02;0.00;32.60;1.54;1.30;0.06;0.03;0.00;0.04;0.29;0.061550586;0.000487697;0;0
2;50;0.04;0.05;72.60;6.16;2.90;0.25;0.06;0.01;0.17;0.59;0.245906783;0.00135117;0;0.000000021
2;50;0.06;0.30;102.30;13.85;4.09;0.55;0.08;0.01;0.36;0.70;0.552181907;0.001594935;0;0.00000021
2;50;0.08;0.80;138.60;24.63;5.54;0.99;0.11;0.02;0.69;0.76;0.978898154;0.002058842;0;0.000000656
2;50;0.10;0.95;162.80;38.48;6.51;1.54;0.13;0.03;1.22;0.76;1.523986596;0.002409196;-0.000000028;0.000001198
2;50;0.12;1.00;198.60;55.42;7.94;2.22;0.16;0.05;1.74;0.77;2.184787184;0.002988888;-0.000000679;0.000001864
2;50;0.14;0.95;235.65;75.43;9.43;3.02;0.19;0.06;1.92;0.78;2.958048747;0.003769396;-0.000008494;0.000002825
2;50;0.16;1.00;260.90;98.52;10.44;3.94;0.21;0.08;2.38;0.77;3.839928991;0.003556385;-0.000064233;0.000004369
2;50;0.18;1.00;289.05;124.69;11.56;4.99;0.24;0.10;2.60;0.80;4.8259945;0.004070504;-0.000323123;0.000009242
2;50;0.20;1.00;323.30;153.94;12.93;6.16;0.26;0.13;2.46;0.78;5.911220737;0.004849613;-0.001154816;0.0000339
2;50;0.22;1.00;348.00;186.27;13.92;7.45;0.28;0.15;2.16;0.80;7.089992042;0.005253544;-0.003077601;0.000124212
2;50;0.24;1.00;392.10;221.67;15.68;8.87;0.32;0.18;2.19;0.80;8.356101634;0.007528263;-0.006358987;0.000330504
2;50;0.26;1.00;403.35;260.16;16.13;10.41;0.33;0.21;2.14;0.80;9.702751608;0.006465639;-0.010554539;0.000630824
2;50;0.28;1.00;431.95;301.72;17.28;12.07;0.35;0.25;2.06;0.81;11.12255294;0.006644298;-0.014599242;0.000903239
2;50;0.30;1.00;467.25;346.36;18.69;13.85;0.38;0.28;1.94;0.80;12.60752548;0.009168513;-0.017536441;0.001029802
2;50;0.32;1.00;494.70;394.08;19.79;15.76;0.40;0.32;1.87;0.82;14.14909796;0.009859592;-0.01913095;0.001015757
2;50;0.34;1.00;520.50;444.88;20.82;17.80;0.42;0.36;1.87;0.81;15.73810798;0.010686381;-0.019769349;0.000943789
2;50;0.36;1.00;538.60;498.76;21.54;19.95;0.44;0.41;1.83;0.82;17.36480204;0.009750771;-0.0199546;0.000867879
2;50;0.38;1.00;575.55;555.72;23.02;22.23;0.47;0.45;1.72;0.82;19.01883549;0.01283182;-0.019992927;0.000800139
2;50;0.40;1.00;578.35;615.75;23.13;24.63;0.47;0.50;1.74;0.83;20.68927258;0.010577926;-0.019997758;0.000739728
2;50;0.42;1.00;643.95;678.87;25.76;27.15;0.53;0.55;1.63;0.83;22.36458643;0.014566631;-0.01998927;0.000685328
2;50;0.44;1.00;638.35;745.06;25.53;29.80;0.52;0.61;1.60;0.84;24.03265903;0.014446347;-0.019909059;0.000636105
2;50;0.46;1.00;670.45;814.33;26.82;32.57;0.55;0.66;1.52;0.84;25.68078126;0.015533661;-0.01936841;0.000581807
2;50;0.48;1.00;696.00;886.68;27.84;35.47;0.57;0.72;1.50;0.84;27.29565288;0.015687863;-0.016877247;0.000482635
2;50;0.50;1.00;698.95;962.11;27.96;38.48;0.57;0.79;1.52;0.84;28.86338251;0.015473486;-0.01000367;0.000532151
2;60;0.02;0.00;49.65;2.22;1.66;0.07;0.03;0.00;0.04;0.34;0.07411193;0.000399933;0;0
2;60;0.04;0.10;102.90;8.90;3.43;0.30;0.06;0.01;0.20;0.64;0.29609184;0.001026333;0;0.000000021
2;60;0.06;0.50;148.25;20.02;4.94;0.67;0.08;0.01;0.52;0.72;0.664872092;0.001272703;0;0.000000183
2;60;0.08;0.95;192.80;35.59;6.43;1.19;0.11;0.02;1.22;0.76;1.178673288;0.001598423;-0.000000032;0.000000493
2;60;0.10;0.95;241.45;55.61;8.05;1.85;0.14;0.03;2.03;0.77;1.835004269;0.002232708;-0.000001095;0.000000854
2;60;0.12;1.00;284.60;80.07;9.49;2.67;0.16;0.05;2.47;0.78;2.63066212;0.002342718;-0.000015954;0.00000137
2;60;0.14;1.00;332.60;108.99;11.09;3.63;0.19;0.06;2.70;0.77;3.561732165;0.002894251;-0.000125073;0.000002764
2;60;0.16;1.00;376.10;142.35;12.54;4.75;0.21;0.08;2.84;0.79;4.623587968;0.003343835;-0.000604897;0.000013373
2;60;0.18;1.00;420.10;180.16;14.00;6.01;0.24;0.10;2.42;0.78;5.810891337;0.003669986;-0.001974837;0.000074968
2;60;0.20;1.00;459.55;222.42;15.32;7.41;0.26;0.13;2.47;0.78;7.117592316;0.004197437;-0.004648646;0.000263386
2;60;0.22;1.00;509.15;269.13;16.97;8.97;0.29;0.15;2.34;0.79;8.536929194;0.005613633;-0.008333309;0.000576979
2;60;0.24;1.00;544.30;320.29;18.14;10.68;0.31;0.18;2.34;0.80;10.0614285;0.004910179;-0.01198636;0.000863575
2;60;0.26;1.00;591.00;375.90;19.70;12.53;0.33;0.21;2.22;0.80;11.682905;0.00614884;-0.014614043;0.000982004
2;60;0.28;1.00;634.45;435.95;21.15;14.53;0.36;0.25;2.11;0.81;13.3924617;0.007177775;-0.015985277;0.000955286
2;60;0.30;1.00;677.35;500.46;22.58;16.68;0.38;0.28;2.02;0.81;15.18048986;0.007880127;-0.016500436;0.000879772
2;60;0.32;1.00;689.70;569.41;22.99;18.98;0.39;0.32;2.00;0.81;17.03666897;0.007148329;-0.016637744;0.000805686
2;60;0.34;1.00;757.35;642.81;25.25;21.43;0.43;0.36;1.88;0.82;18.94996675;0.011828035;-0.016663177;0.000741018
2;60;0.36;1.00;790.85;720.66;26.36;24.02;0.45;0.41;1.81;0.82;20.90863919;0.010636934;-0.016666377;0.000684025
2;60;0.38;1.00;808.45;802.95;26.95;26.77;0.46;0.45;1.76;0.82;22.90023049;0.009725286;-0.016666648;0.000633149
2;60;0.40;1.00;842.25;889.70;28.08;29.66;0.48;0.50;1.70;0.83;24.91157311;0.009592949;-0.016666653;0.000587402
2;60;0.42;1.00;885.15;980.89;29.51;32.70;0.50;0.55;1.69;0.83;26.92878774;0.01264935;-0.01666644;0.000546045
2;60;0.44;1.00;933.20;1076.54;31.11;35.88;0.53;0.61;1.62;0.84;28.93728332;0.013489163;-0.016663534;0.000508551
2;60;0.46;1.00;963.45;1176.63;32.12;39.22;0.54;0.66;1.56;0.84;30.92175703;0.014710572;-0.016631445;0.000474919
2;60;0.48;1.00;1003.90;1281.17;33.46;42.71;0.57;0.72;1.54;0.84;32.86619428;0.016273517;-0.016329173;0.000442613
2;60;0.50;1.00;1054.50;1390.15;35.15;46.34;0.60;0.79;1.47;0.84;34.75386873;0.018723387;-0.01423814;0.000377414
2;70;0.02;0.00;69.95;3.03;2.00;0.09;0.03;0.00;0.05;0.42;0.086673274;0.000374908;0;0
2;70;0.04;0.30;136.35;12.14;3.90;0.35;0.06;0.01;0.22;0.68;0.346276898;0.000698276;0;0.000000021
2;70;0.06;0.75;202.30;27.31;5.78;0.78;0.08;0.01;0.79;0.74;0.777562277;0.001147015;-0.00000001;0.000000157
2;70;0.08;0.95;258.95;48.56;7.40;1.39;0.11;0.02;1.75;0.76;1.378448421;0.001253347;-0.000000619;0.000000377
2;70;0.10;0.95;332.95;75.87;9.51;2.17;0.14;0.03;2.65;0.77;2.146021942;0.002024107;-0.000012642;0.000000655
2;70;0.12;1.00;384.90;109.25;11.00;3.12;0.16;0.05;3.16;0.77;3.076537056;0.001515579;-0.000118316;0.000001636
2;70;0.14;1.00;462.85;148.70;13.22;4.25;0.19;0.06;2.74;0.77;4.165415583;0.002978246;-0.000621479;0.000012277
2;70;0.16;1.00;526.55;194.23;15.04;5.55;0.22;0.08;2.71;0.78;5.407246946;0.003400975;-0.00207441;0.000081838
2;70;0.18;1.00;582.75;245.82;16.65;7.02;0.24;0.10;2.66;0.78;6.795788173;0.003719438;-0.004798483;0.000298601
2;70;0.20;1.00;634.50;303.48;18.13;8.67;0.26;0.13;2.55;0.79;8.323963895;0.00381231;-0.008255094;0.000631029
2;70;0.22;1.00;702.95;367.21;20.08;10.49;0.29;0.15;2.40;0.80;9.983866345;0.005606994;-0.01129548;0.000871281
2;70;0.24;1.00;742.05;437.01;21.20;12.49;0.31;0.18;2.27;0.79;11.76675536;0.004879236;-0.013170353;0.000915525
2;70;0.26;1.00;791.80;512.88;22.62;14.65;0.33;0.21;2.25;0.80;13.66305839;0.005830768;-0.013982093;0.000854261
2;70;0.28;1.00;865.45;594.82;24.73;16.99;0.36;0.25;2.14;0.80;15.66237047;0.006799703;-0.014227133;0.000778221
2;70;0.30;1.00;919.10;682.83;26.26;19.51;0.38;0.28;2.07;0.81;17.75345425;0.006938493;-0.014277951;0.000711461
2;70;0.32;1.00;967.95;776.90;27.66;22.20;0.40;0.32;1.99;0.81;19.92423998;0.007336094;-0.014285032;0.000653734
2;70;0.34;1.00;1034.40;877.05;29.55;25.06;0.43;0.36;1.86;0.82;22.16182552;0.009598584;-0.014285676;0.000602993
2;70;0.36;1.00;1074.15;983.27;30.69;28.09;0.44;0.41;1.83;0.82;24.45247634;0.009948253;-0.014285713;0.000557945
2;70;0.38;1.00;1128.30;1095.56;32.24;31.30;0.47;0.45;1.76;0.83;26.78162549;0.011431821;-0.014285714;0.000517671
2;70;0.40;1.00;1168.70;1213.91;33.39;34.68;0.48;0.50;1.72;0.83;29.13387363;0.010470695;-0.014285713;0.000481448
2;70;0.42;1.00;1240.35;1338.34;35.44;38.24;0.51;0.55;1.64;0.83;31.49298905;0.013132792;-0.014285677;0.000448693
2;70;0.44;1.00;1251.40;1468.83;35.75;41.97;0.52;0.61;1.63;0.83;33.84190761;0.010576838;-0.014285032;0.000418949
2;70;0.46;1.00;1300.30;1605.40;37.15;45.87;0.54;0.66;1.59;0.84;36.1627328;0.014391909;-0.014277565;0.000391994
2;70;0.48;1.00;1392.30;1748.03;39.78;49.94;0.58;0.72;1.53;0.84;38.43673568;0.016882176;-0.014213926;0.000368533
2;70;0.50;1.00;1419.40;1896.74;40.55;54.19;0.59;0.79;1.50;0.85;40.64435496;0.01760017;-0.013696249;0.000344369
2;80;0.02;0.00;89.15;3.97;2.23;0.10;0.03;0.00;0.06;0.51;0.099234618;0.000333385;0;0
2;80;0.04;0.30;174.60;15.88;4.37;0.40;0.06;0.01;0.27;0.70;0.396461956;0.000665488;0;0.000000021
2;80;0.06;0.90;264.10;35.74;6.60;0.89;0.08;0.01;0.82;0.76;0.890252462;0.001121996;-0.000000042;0.000000133
2;80;0.08;0.90;345.20;63.54;8.63;1.59;0.11;0.02;1.94;0.76;1.578223554;0.001307162;-0.000002416;0.000000296
2;80;0.10;1.00;424.70;99.27;10.62;2.48;0.13;0.03;3.06;0.77;2.457039614;0.001496154;-0.00004207;0.000000622
2;80;0.12;1.00;513.10;142.96;12.83;3.57;0.16;0.05;3.18;0.78;3.522411991;0.001976035;-0.000326681;0.000005627
2;80;0.14;1.00;583.70;194.58;14.59;4.86;0.18;0.06;3.18;0.78;4.769099;0.002375411;-0.001393868;0.000059683
2;80;0.16;1.00;679.90;254.14;17.00;6.35;0.22;0.08;2.90;0.78;6.190905924;0.003054418;-0.003734843;0.000274461
2;80;0.18;1.00;748.10;321.65;18.70;8.04;0.24;0.10;2.85;0.78;7.78068501;0.003401488;-0.006951656;0.00061604
2;80;0.20;1.00;840.90;397.10;21.02;9.93;0.27;0.13;2.62;0.79;9.530335474;0.004279292;-0.009837597;0.000834352
2;80;0.22;1.00;910.80;480.49;22.77;12.01;0.29;0.15;2.51;0.79;11.4308035;0.004329515;-0.011568017;0.000850718
2;80;0.24;1.00;961.90;571.82;24.05;14.30;0.30;0.18;2.44;0.79;13.47208223;0.004441806;-0.012268726;0.000781984
2;80;0.26;1.00;1035.55;671.09;25.89;16.78;0.33;0.21;2.31;0.80;15.64321178;0.00544121;-0.012460357;0.000708618
2;80;0.28;1.00;1117.90;778.31;27.95;19.46;0.35;0.25;2.15;0.80;17.93227923;0.006000921;-0.012495436;0.000645851
2;80;0.30;1.00;1200.25;893.47;30.01;22.34;0.38;0.28;2.05;0.81;20.32641863;0.007771386;-0.012499658;0.00059197
2;80;0.32;1.00;1277.65;1016.57;31.94;25.41;0.40;0.32;1.94;0.81;22.81181099;0.00819806;-0.012499984;0.000544956
2;80;0.34;1.00;1331.25;1147.61;33.28;28.69;0.42;0.36;1.91;0.82;25.3736843;0.00915647;-0.0125;0.000503519
2;80;0.36;1.00;1395.95;1286.60;34.90;32.16;0.44;0.41;1.84;0.82;27.99631349;0.009838482;-0.0125;0.000466716
2;80;0.38;1.00;1445.00;1433.52;36.13;35.84;0.46;0.45;1.78;0.82;30.66302048;0.009033608;-0.0125;0.000433809
2;80;0.40;1.00;1530.70;1588.39;38.27;39.71;0.48;0.50;1.71;0.83;33.35617416;0.011730512;-0.0125;0.00040421
2;80;0.42;1.00;1603.10;1751.20;40.08;43.78;0.51;0.55;1.67;0.83;36.05719036;0.012457439;-0.012499993;0.000377442
2;80;0.44;1.00;1653.65;1921.95;41.34;48.05;0.52;0.61;1.64;0.83;38.7465319;0.011901243;-0.012499805;0.000353123
2;80;0.46;1.00;1708.95;2100.64;42.72;52.52;0.54;0.66;1.59;0.84;41.40370856;0.013693934;-0.012496857;0.000330996
2;80;0.48;1.00;1785.35;2287.28;44.63;57.18;0.56;0.72;1.54;0.84;44.00727708;0.014879191;-0.012468097;0.000311345
2;80;0.50;1.00;1862.45;2481.86;46.56;62.05;0.59;0.79;1.48;0.84;46.53484118;0.016122011;-0.012264507;0.000295761
2;90;0.02;0.00;108.45;5.03;2.41;0.11;0.03;0.00;0.06;0.53;0.111795962;0.000289292;0;0
2;90;0.04;0.60;217.75;20.13;4.84;0.45;0.05;0.01;0.38;0.71;0.446647013;0.000549086;-0.000000003;0.00000002
2;90;0.06;0.95;329.05;45.30;7.31;1.01;0.08;0.01;2.03;0.76;1.002942648;0.000843275;-0.000000535;0.000000113
2;90;0.08;1.00;429.60;80.53;9.55;1.79;0.11;0.02;2.90;0.76;1.777998688;0.00092223;-0.000016807;0.000000257
2;90;0.10;1.00;547.20;125.82;12.16;2.80;0.14;0.03;3.29;0.77;2.768057287;0.001683694;-0.000181562;0.000001957
2;90;0.12;1.00;655.50;181.18;14.57;4.03;0.16;0.05;3.12;0.77;3.968286927;0.001908613;-0.000945474;0.00002817
2;90;0.14;1.00;740.75;246.61;16.46;5.48;0.18;0.06;3.25;0.78;5.372782418;0.001785633;-0.002866754;0.000170193
2;90;0.16;1.00;858.35;322.10;19.07;7.16;0.21;0.08;2.97;0.79;6.974564902;0.002692811;-0.005752527;0.000471017
2;90;0.18;1.00;947.70;407.66;21.06;9.06;0.24;0.10;3.00;0.79;8.765581847;0.002878649;-0.008491076;0.000730015
2;90;0.20;1.00;1059.20;503.28;23.54;11.18;0.26;0.13;2.63;0.79;10.73670705;0.003902254;-0.010186584;0.000788361
2;90;0.22;1.00;1165.80;608.97;25.91;13.53;0.29;0.15;2.48;0.79;12.87774065;0.004705067;-0.010882392;0.000732097
2;90;0.24;1.00;1265.20;724.73;28.12;16.11;0.32;0.18;2.36;0.80;15.17740909;0.005287317;-0.01107241;0.000661201
2;90;0.26;1.00;1340.75;850.55;29.79;18.90;0.33;0.21;2.28;0.80;17.62336517;0.004899612;-0.011106746;0.000600007
2;90;0.28;1.00;1416.25;986.43;31.47;21.92;0.35;0.25;2.19;0.80;20.20218799;0.005746917;-0.011110792;0.000547944
2;90;0.30;1.00;1537.35;1132.39;34.16;25.16;0.38;0.28;1.98;0.81;22.89938301;0.008273924;-0.011111097;0.000502942
2;90;0.32;1.00;1615.65;1288.40;35.90;28.63;0.40;0.32;1.97;0.81;25.699382;0.008269326;-0.011111111;0.000463612
2;90;0.34;1.00;1688.35;1454.49;37.52;32.32;0.42;0.36;1.92;0.82;28.58554307;0.008414747;-0.011111111;0.000428939
2;90;0.36;1.00;1795.70;1630.64;39.90;36.24;0.45;0.41;1.82;0.82;31.54015064;0.0107807;-0.011111111;0.000398139
2;90;0.38;1.00;1899.55;1816.85;42.21;40.37;0.47;0.45;1.75;0.82;34.54441548;0.011953622;-0.011111111;0.000370598
2;90;0.40;1.00;1981.40;2013.13;44.03;44.74;0.49;0.50;1.70;0.83;37.57847469;0.012313843;-0.011111111;0.000345824
2;90;0.42;1.00;1999.00;2219.48;44.42;49.32;0.50;0.55;1.67;0.83;40.62139167;0.010727184;-0.01111111;0.000323419
2;90;0.44;1.00;2076.75;2435.89;46.15;54.13;0.52;0.61;1.63;0.84;43.65115619;0.012017179;-0.011111054;0.000303059
2;90;0.46;1.00;2187.50;2662.37;48.61;59.16;0.55;0.66;1.59;0.84;46.64468433;0.013473607;-0.011109834;0.000284501
2;90;0.48;1.00;2239.95;2898.91;49.78;64.42;0.56;0.72;1.55;0.84;49.57781849;0.013787644;-0.011094476;0.000267807
2;90;0.50;1.00;2347.70;3145.52;52.17;69.90;0.59;0.79;1.49;0.85;52.42532741;0.016017971;-0.010976763;0.000254398
2;100;0.02;0.00;138.05;6.22;2.76;0.12;0.03;0.00;0.08;0.57;0.124357306;0.000268089;0;0
2;100;0.04;0.75;272.50;24.88;5.45;0.50;0.06;0.01;0.56;0.74;0.496832071;0.000526975;-0.000000007;0.00000002
2;100;0.06;0.95;410.75;55.98;8.22;1.12;0.08;0.01;2.39;0.75;1.115632833;0.000684651;-0.000001251;0.000000096
2;100;0.08;1.00;539.85;99.53;10.80;1.99;0.11;0.02;3.35;0.77;1.977773821;0.001009695;-0.000035285;0.000000287
2;100;0.10;1.00;664.40;155.51;13.29;3.11;0.13;0.03;3.48;0.77;3.07907496;0.001180928;-0.000334064;0.00000595
2;100;0.12;1.00;808.80;223.93;16.18;4.48;0.16;0.05;3.51;0.78;4.414161862;0.001822422;-0.001497461;0.000074133
2;100;0.14;1.00;934.30;304.80;18.69;6.10;0.19;0.06;3.31;0.78;5.976465836;0.002081779;-0.003877728;0.000318134
2;100;0.16;1.00;1044.75;398.10;20.90;7.96;0.21;0.08;3.21;0.78;7.758223879;0.002311264;-0.006695163;0.000621577
2;100;0.18;1.00;1173.60;503.85;23.47;10.08;0.24;0.10;2.88;0.79;9.750478684;0.003017092;-0.008735781;0.000739423
2;100;0.20;1.00;1294.50;622.04;25.89;12.44;0.26;0.13;2.71;0.79;11.94307863;0.003350099;-0.009668874;0.00070114
2;100;0.22;1.00;1412.20;752.66;28.24;15.05;0.29;0.15;2.59;0.79;14.3246778;0.003993776;-0.009942106;0.000630771
2;100;0.24;1.00;1519.65;895.73;30.39;17.91;0.31;0.18;2.43;0.80;16.88273595;0.003664938;-0.009993409;0.000568966
2;100;0.26;1.00;1667.10;1051.24;33.34;21.02;0.34;0.21;2.27;0.80;19.60351856;0.005383863;-0.009999525;0.000517081
2;100;0.28;1.00;1765.80;1219.19;35.32;24.38;0.36;0.25;2.14;0.80;22.47209675;0.005137737;-0.009999979;0.000472756
2;100;0.30;1.00;1856.50;1399.58;37.13;27.99;0.38;0.28;2.12;0.81;25.4723474;0.005987924;-0.009999999;0.000434392
2;100;0.32;1.00;2014.35;1592.41;40.29;31.85;0.41;0.32;1.97;0.81;28.58695301;0.00848987;-0.01;0.000400855
2;100;0.34;1.00;2109.50;1797.68;42.19;35.95;0.43;0.36;1.89;0.82;31.79740184;0.008228009;-0.01;0.000371285
2;100;0.36;1.00;2165.65;2015.39;43.31;40.31;0.44;0.41;1.87;0.82;35.08398779;0.008703579;-0.01;0.000345018
2;100;0.38;1.00;2324.75;2245.55;46.50;44.91;0.47;0.45;1.76;0.82;38.42581048;0.009750778;-0.01;0.000321528
2;100;0.40;1.00;2423.30;2488.14;48.47;49.76;0.49;0.50;1.70;0.83;41.80077521;0.011984508;-0.01;0.000300397
2;100;0.42;1.00;2514.95;2743.18;50.30;54.86;0.51;0.55;1.67;0.83;45.18559298;0.0122029;-0.01;0.000281285
2;100;0.44;1.00;2597.80;3010.65;51.96;60.21;0.52;0.61;1.62;0.84;48.55578049;0.0122213;-0.009999983;0.000263918
2;100;0.46;1.00;2739.05;3290.57;54.78;65.81;0.55;0.66;1.56;0.84;51.8856601;0.014827567;-0.009999471;0.000248074
2;100;0.48;1.00;2786.10;3582.92;55.72;71.66;0.56;0.72;1.52;0.84;55.14835989;0.014347948;-0.009991052;0.000233712
2;100;0.50;1.00;2875.35;3887.72;57.51;77.75;0.58;0.79;1.52;0.85;58.31581363;0.015142241;-0.009913259;0.00022178
2;110;0.02;0.00;171.40;7.53;3.12;0.14;0.03;0.00;0.07;0.59;0.13691865;0.000275761;0;0
2;110;0.04;0.70;335.75;30.13;6.10;0.55;0.06;0.01;0.48;0.75;0.547017129;0.000510573;-0.000000012;0.000000019
2;110;0.06;0.95;502.95;67.80;9.14;1.23;0.08;0.01;2.87;0.76;1.228323018;0.000814162;-0.000002072;0.000000083
2;110;0.08;1.00;663.10;120.54;12.06;2.19;0.11;0.02;3.54;0.77;2.177548955;0.001079543;-0.00005441;0.000000382
2;110;0.10;1.00;820.80;188.34;14.92;3.42;0.14;0.03;3.89;0.77;3.390092632;0.001431714;-0.000471402;0.000011232
2;110;0.12;1.00;964.65;271.21;17.54;4.93;0.16;0.05;3.62;0.77;4.860036798;0.001579106;-0.001908513;0.000115774
2;110;0.14;1.00;1121.25;369.14;20.39;6.71;0.19;0.06;3.47;0.78;6.580149254;0.001581489;-0.004441846;0.000398749
2;110;0.16;1.00;1299.85;482.15;23.63;8.77;0.22;0.08;3.15;0.78;8.541882857;0.002825203;-0.006951906;0.000641798
2;110;0.18;1.00;1415.95;610.22;25.74;11.09;0.24;0.10;2.94;0.79;10.73537552;0.002642245;-0.008427078;0.000675127
2;110;0.20;1.00;1563.25;753.35;28.42;13.70;0.26;0.13;2.73;0.79;13.14945021;0.002749033;-0.008956298;0.000613917
2;110;0.22;1.00;1718.90;911.56;31.25;16.57;0.29;0.15;2.60;0.79;15.77161495;0.003632407;-0.009073517;0.000549952
2;110;0.24;1.00;1866.35;1084.83;33.93;19.72;0.31;0.18;2.42;0.80;18.58806282;0.004274203;-0.009089514;0.000496671
2;110;0.26;1.00;1993.90;1273.17;36.25;23.15;0.33;0.21;2.29;0.80;21.58367194;0.004668547;-0.009090842;0.00045183
2;110;0.28;1.00;2121.75;1476.57;38.58;26.85;0.35;0.25;2.22;0.80;24.74200552;0.004914058;-0.009090907;0.000413464
2;110;0.30;1.00;2262.30;1695.05;41.13;30.82;0.38;0.28;2.11;0.81;28.04531178;0.006108933;-0.009090909;0.000380249
2;110;0.32;1.00;2427.00;1928.59;44.13;35.07;0.40;0.32;1.97;0.81;31.47452403;0.007463989;-0.009090909;0.00035121
2;110;0.34;1.00;2539.45;2177.19;46.17;39.59;0.42;0.36;1.93;0.81;35.00926061;0.008601616;-0.009090909;0.000325605
2;110;0.36;1.00;2664.65;2440.87;48.45;44.38;0.44;0.41;1.86;0.82;38.62782494;0.008127867;-0.009090909;0.000302858
2;110;0.38;1.00;2792.40;2719.61;50.77;49.45;0.47;0.45;1.79;0.82;42.30720548;0.009508478;-0.009090909;0.000282515
2;110;0.40;1.00;2909.75;3013.42;52.90;54.79;0.49;0.50;1.73;0.83;46.02307574;0.01025697;-0.009090909;0.000264214
2;110;0.42;1.00;3052.95;3322.29;55.51;60.41;0.51;0.55;1.67;0.83;49.7497943;0.01214309;-0.009090909;0.000247661
2;110;0.44;1.00;3181.70;3646.23;57.85;66.30;0.53;0.61;1.61;0.83;53.46040478;0.013381481;-0.009090904;0.000232618
2;110;0.46;1.00;3265.60;3985.24;59.37;72.46;0.54;0.66;1.59;0.84;57.12663586;0.01404881;-0.009090687;0.000218891
2;110;0.48;1.00;3323.80;4339.32;60.43;78.90;0.55;0.72;1.55;0.84;60.71890129;0.012994402;-0.009086024;0.000206391
2;110;0.50;1.00;3559.30;4708.46;64.71;85.61;0.59;0.79;1.48;0.85;64.20629986;0.017960321;-0.009033034;0.000195721
2;120;0.02;0.00;203.00;8.97;3.38;0.15;0.03;0.00;0.11;0.65;0.149479994;0.000222715;0;0
2;120;0.04;0.80;394.15;35.89;6.57;0.60;0.06;0.01;0.73;0.74;0.597202186;0.000411152;-0.000000023;0.000000018
2;120;0.06;1.00;589.45;80.75;9.82;1.35;0.08;0.01;3.08;0.76;1.341013203;0.000596022;-0.000003654;0.000000072
2;120;0.08;1.00;788.05;143.56;13.13;2.39;0.11;0.02;3.97;0.77;2.377324088;0.000914318;-0.000087739;0.000000732
2;120;0.10;1.00;968.25;224.31;16.14;3.74;0.14;0.03;4.16;0.77;3.701110305;0.00126028;-0.000681273;0.000024033
2;120;0.12;1.00;1174.35;323.01;19.57;5.38;0.16;0.05;3.76;0.78;5.305911734;0.001604674;-0.002440179;0.000192334
2;120;0.14;1.00;1346.10;439.65;22.44;7.33;0.19;0.06;3.49;0.78;7.183832671;0.001836486;-0.00502406;0.000500758
2;120;0.16;1.00;1524.15;574.23;25.40;9.57;0.21;0.08;3.23;0.78;9.325541835;0.002047402;-0.007088626;0.000643335
2;120;0.18;1.00;1709.60;726.76;28.49;12.11;0.24;0.10;2.95;0.78;11.72027236;0.002833551;-0.008033858;0.000608084
2;120;0.20;1.00;1875.40;897.24;31.26;14.95;0.26;0.13;2.77;0.79;14.35582179;0.003285757;-0.008288529;0.000541552
2;120;0.22;1.00;2072.95;1085.66;34.55;18.09;0.29;0.15;2.56;0.79;17.2185521;0.00420605;-0.008329266;0.000485199
2;120;0.24;1.00;2211.05;1292.02;36.85;21.53;0.31;0.18;2.43;0.80;20.29338968;0.003760438;-0.008333116;0.000438636
2;120;0.26;1.00;2360.90;1516.33;39.35;25.27;0.33;0.21;2.26;0.80;23.56382533;0.004656514;-0.008333327;0.000399344
2;120;0.28;1.00;2543.85;1758.59;42.40;29.31;0.36;0.25;2.24;0.81;27.01191428;0.005029287;-0.008333333;0.000365708
2;120;0.30;1.00;2668.00;2018.79;44.47;33.65;0.37;0.28;2.12;0.81;30.61827616;0.005545636;-0.008333333;0.000336584
2;120;0.32;1.00;2913.90;2296.93;48.57;38.28;0.41;0.32;2.00;0.81;34.36209504;0.007541338;-0.008333333;0.000311121
2;120;0.34;1.00;3015.90;2593.02;50.27;43.22;0.42;0.36;1.92;0.82;38.22111938;0.006835983;-0.008333333;0.000288667
2;120;0.36;1.00;3197.95;2907.05;53.30;48.45;0.45;0.41;1.84;0.82;42.17166209;0.008931295;-0.008333333;0.000268719
2;120;0.38;1.00;3372.60;3239.03;56.21;53.98;0.47;0.45;1.77;0.82;46.18860047;0.009491016;-0.008333333;0.000250878
2;120;0.40;1.00;3458.35;3588.96;57.64;59.82;0.48;0.50;1.74;0.83;50.24537626;0.009678802;-0.008333333;0.000234827
2;120;0.42;1.00;3581.10;3956.82;59.69;65.95;0.50;0.55;1.68;0.83;54.31399561;0.011178673;-0.008333333;0.000220309
2;120;0.44;1.00;3773.30;4342.64;62.89;72.38;0.53;0.61;1.63;0.83;58.36502907;0.013085254;-0.008333332;0.000207115
2;120;0.46;1.00;3921.30;4746.39;65.36;79.11;0.55;0.66;1.57;0.84;62.36761163;0.014512791;-0.008333239;0.000195073
2;120;0.48;1.00;3999.90;5168.10;66.67;86.13;0.56;0.72;1.56;0.84;66.2894427;0.013685388;-0.008330636;0.000184078
2;120;0.50;1.00;4194.20;5607.74;69.90;93.46;0.59;0.79;1.51;0.85;70.09678608;0.016031691;-0.008294188;0.000174505
2;130;0.02;0.00;234.55;10.54;3.61;0.16;0.03;0.00;0.09;0.66;0.162041338;0.000202942;0;0
2;130;0.04;0.90;460.30;42.15;7.08;0.65;0.05;0.01;1.16;0.75;0.647387244;0.000361837;-0.000000323;0.000000016
2;130;0.06;1.00;697.10;94.83;10.72;1.46;0.08;0.01;3.52;0.76;1.453703388;0.000616311;-0.000022488;0.000000108
2;130;0.08;1.00;929.25;168.59;14.30;2.59;0.11;0.02;4.16;0.77;2.577099222;0.000852823;-0.000300654;0.000005621
2;130;0.10;1.00;1144.75;263.42;17.61;4.05;0.14;0.03;4.19;0.77;4.012127978;0.001071321;-0.001488619;0.000085992
2;130;0.12;1.00;1350.85;379.33;20.78;5.84;0.16;0.05;3.83;0.77;5.751786669;0.001394307;-0.003759701;0.00034865
2;130;0.14;1.00;1599.90;516.31;24.61;7.94;0.19;0.06;3.53;0.78;7.787516089;0.001964405;-0.005996676;0.000583097
2;130;0.16;1.00;1788.55;674.36;27.52;10.37;0.21;0.08;3.34;0.78;10.10920081;0.002217937;-0.007222099;0.000605519
2;130;0.18;1.00;2005.00;853.49;30.85;13.13;0.24;0.10;2.99;0.78;12.70516919;0.002476554;-0.007610938;0.000542738
2;130;0.20;1.00;2210.70;1053.69;34.01;16.21;0.26;0.13;2.80;0.79;15.56219337;0.003225202;-0.007683715;0.000482006
2;130;0.22;1.00;2407.00;1274.97;37.03;19.61;0.29;0.15;2.67;0.79;18.66548925;0.003446595;-0.007691767;0.000432379
2;130;0.24;1.00;2587.90;1517.31;39.81;23.34;0.31;0.18;2.45;0.80;21.99871655;0.003776789;-0.007692288;0.000391175
2;130;0.26;1.00;2813.20;1780.74;43.28;27.40;0.34;0.21;2.33;0.80;25.54397872;0.004243736;-0.007692307;0.000356364
2;130;0.28;1.00;2995.95;2065.23;46.09;31.77;0.36;0.25;2.19;0.80;29.28182304;0.004880492;-0.007692308;0.00032656
2;130;0.30;1.00;3174.80;2370.80;48.84;36.47;0.38;0.28;2.11;0.81;33.19124054;0.005835462;-0.007692308;0.000300752
2;130;0.32;1.00;3369.10;2697.45;51.83;41.50;0.40;0.32;2.00;0.81;37.24966605;0.006751002;-0.007692308;0.000278186
2;130;0.34;1.00;3544.40;3045.16;54.53;46.85;0.42;0.36;1.95;0.82;41.43297815;0.007738922;-0.007692308;0.000258286
2;130;0.36;1.00;3713.40;3413.96;57.13;52.52;0.44;0.41;1.87;0.82;45.71549924;0.007451183;-0.007692308;0.000240606
2;130;0.38;1.00;3901.05;3803.82;60.02;58.52;0.47;0.45;1.79;0.82;50.06999547;0.008979558;-0.007692308;0.000224793
2;130;0.40;1.00;4116.05;4214.76;63.32;64.84;0.49;0.50;1.72;0.83;54.46767679;0.010869685;-0.007692308;0.000210566
2;130;0.42;1.00;4236.50;4646.77;65.18;71.49;0.51;0.55;1.67;0.83;58.87819692;0.0104027;-0.007692308;0.000197699
2;130;0.44;1.00;4406.55;5099.86;67.79;78.46;0.53;0.61;1.64;0.83;63.26965336;0.012088005;-0.007692307;0.000186003
2;130;0.46;1.00;4550.95;5574.02;70.01;85.75;0.54;0.66;1.58;0.84;67.6085874;0.01291471;-0.007692267;0.000175328
2;130;0.48;1.00;4779.55;6069.26;73.53;93.37;0.57;0.72;1.54;0.84;71.8599841;0.014471302;-0.007690804;0.000165567
2;130;0.50;1.00;4887.40;6585.56;75.19;101.32;0.58;0.79;1.51;0.85;75.98727231;0.014656903;-0.007665569;0.000156941
2;140;0.02;0.00;270.20;12.23;3.86;0.17;0.03;0.00;0.12;0.67;0.174602683;0.000178687;0;0
2;140;0.04;1.00;539.65;48.91;7.71;0.70;0.06;0.01;1.37;0.75;0.697572302;0.000362541;-0.000000561;0.000000015
2;140;0.06;1.00;807.40;110.04;11.53;1.57;0.08;0.01;4.11;0.76;1.566393573;0.000563026;-0.000036046;0.000000183
2;140;0.08;1.00;1089.35;195.63;15.56;2.79;0.11;0.02;4.59;0.76;2.776874355;0.0009056;-0.00043353;0.000012676
2;140;0.10;1.00;1309.65;305.68;18.71;4.37;0.13;0.03;4.35;0.77;4.323145651;0.00087746;-0.001899915;0.000150058
2;140;0.12;1.00;1585.75;440.17;22.65;6.29;0.16;0.05;3.86;0.77;6.197661605;0.001524686;-0.004243969;0.000449481
2;140;0.14;1.00;1848.60;599.13;26.41;8.56;0.19;0.06;3.58;0.78;8.391199507;0.001958558;-0.006114163;0.000590667
2;140;0.16;1.00;2056.65;782.53;29.38;11.18;0.21;0.08;3.25;0.78;10.89285979;0.001626432;-0.006918896;0.000552899
2;140;0.18;1.00;2325.15;990.39;33.22;14.15;0.24;0.10;2.98;0.78;13.69006603;0.002518259;-0.007113605;0.000487319
2;140;0.20;1.00;2551.25;1222.71;36.45;17.47;0.26;0.13;2.79;0.79;16.76856495;0.002485637;-0.007140606;0.000432882
2;140;0.22;1.00;2822.85;1479.48;40.33;21.14;0.29;0.15;2.60;0.79;20.11242641;0.003921408;-0.007142757;0.000388585
2;140;0.24;1.00;3067.85;1760.70;43.83;25.15;0.32;0.18;2.43;0.80;23.70404341;0.004147828;-0.007142855;0.000351756
2;140;0.26;1.00;3242.15;2066.38;46.32;29.52;0.33;0.21;2.31;0.80;27.52413211;0.004205914;-0.007142857;0.000320634
2;140;0.28;1.00;3478.75;2396.51;49.70;34.24;0.36;0.25;2.19;0.80;31.55173181;0.005171527;-0.007142857;0.000293985
2;140;0.30;1.00;3637.25;2751.09;51.96;39.30;0.37;0.28;2.12;0.80;35.76420493;0.004847105;-0.007142857;0.000270907
2;140;0.32;1.00;3885.80;3130.13;55.51;44.72;0.40;0.32;2.00;0.81;40.13723706;0.00624655;-0.007142857;0.000250728
2;140;0.34;1.00;4079.10;3533.63;58.27;50.48;0.42;0.36;1.94;0.81;44.64483692;0.007215603;-0.007142857;0.000232932
2;140;0.36;1.00;4284.25;3961.57;61.20;56.59;0.44;0.41;1.86;0.82;49.25933639;0.0077254;-0.007142857;0.000217121
2;140;0.38;1.00;4519.50;4413.98;64.56;63.06;0.46;0.45;1.80;0.83;53.95139047;0.009240252;-0.007142857;0.000202979
2;140;0.40;1.00;4691.80;4890.83;67.03;69.87;0.48;0.50;1.74;0.83;58.68997732;0.010415719;-0.007142857;0.000190256
2;140;0.42;1.00;4932.85;5392.14;70.47;77.03;0.51;0.55;1.67;0.83;63.44239823;0.011566964;-0.007142857;0.000178747
2;140;0.44;1.00;5103.50;5917.91;72.91;84.54;0.52;0.61;1.64;0.84;68.17427765;0.012238774;-0.007142857;0.000168287
2;140;0.46;1.00;5183.90;6468.12;74.06;92.40;0.53;0.66;1.60;0.84;72.84956317;0.011771783;-0.00714284;0.000158739
2;140;0.48;1.00;5453.70;7042.80;77.91;100.61;0.56;0.72;1.55;0.84;77.4305255;0.01285529;-0.007142012;0.00015
2;140;0.50;1.00;5599.60;7641.92;79.99;109.17;0.58;0.79;1.51;0.85;81.87775853;0.014136173;-0.007124448;0.000142194
2;150;0.02;0.20;316.85;14.04;4.22;0.19;0.03;0.00;0.14;0.68;0.187164027;0.000194324;0;0
2;150;0.04;0.95;619.30;56.17;8.26;0.75;0.06;0.01;1.87;0.75;0.74775736;0.000354642;-0.000000755;0.000000014
2;150;0.06;1.00;936.20;126.39;12.48;1.69;0.08;0.01;3.74;0.76;1.679083758;0.000579993;-0.00004627;0.000000264
2;150;0.08;1.00;1228.45;224.69;16.38;3.00;0.11;0.02;4.85;0.77;2.976649489;0.000659997;-0.000522073;0.000018178
2;150;0.10;1.00;1517.00;351.07;20.23;4.68;0.14;0.03;4.38;0.77;4.634163323;0.000924127;-0.002123384;0.000182538
2;150;0.12;1.00;1800.60;505.55;24.01;6.74;0.16;0.05;3.95;0.77;6.64353654;0.00108139;-0.00440087;0.000467908
2;150;0.14;1.00;2085.85;688.10;27.81;9.17;0.19;0.06;3.55;0.78;8.994882925;0.001546058;-0.005973779;0.000554452
2;150;0.16;1.00;2383.50;898.75;31.78;11.98;0.21;0.08;3.28;0.78;11.67651877;0.001911407;-0.006542142;0.000501471
2;150;0.18;1.00;2682.60;1137.48;35.77;15.17;0.24;0.10;2.99;0.78;14.67496287;0.002763288;-0.006653806;0.000440623
2;150;0.20;1.00;2945.60;1404.29;39.27;18.72;0.26;0.13;2.74;0.79;17.97493653;0.002974748;-0.006665918;0.000391654
2;150;0.22;1.00;3215.50;1699.19;42.87;22.66;0.29;0.15;2.64;0.79;21.55936356;0.003200763;-0.006666643;0.000351765
2;150;0.24;1.00;3481.75;2022.18;46.42;26.96;0.31;0.18;2.46;0.80;25.40937027;0.003644943;-0.006666666;0.000318584
2;150;0.26;1.00;3730.40;2373.25;49.74;31.64;0.33;0.21;2.34;0.80;29.5042855;0.003845064;-0.006666667;0.000290542
2;150;0.28;1.00;3975.30;2752.41;53.00;36.70;0.36;0.25;2.24;0.81;33.82164057;0.00441179;-0.006666667;0.000266528
2;150;0.30;1.00;4251.30;3159.66;56.68;42.13;0.38;0.28;2.12;0.81;38.33716931;0.005304869;-0.006666667;0.000245732
2;150;0.32;1.00;4489.20;3594.99;59.86;47.93;0.40;0.32;2.02;0.81;43.02480807;0.007424384;-0.006666667;0.000227547
2;150;0.34;1.00;4675.70;4058.40;62.34;54.11;0.42;0.36;1.94;0.82;47.8566957;0.007112089;-0.006666667;0.000211509
2;150;0.36;1.00;4966.60;4549.91;66.22;60.67;0.44;0.41;1.86;0.82;52.80317354;0.008201906;-0.006666667;0.000197259
2;150;0.38;1.00;5229.60;5069.49;69.73;67.59;0.47;0.45;1.80;0.82;57.83278547;0.009220234;-0.006666667;0.000184513
2;150;0.40;1.00;5394.00;5617.17;71.92;74.90;0.48;0.50;1.75;0.83;62.91227784;0.008691;-0.006666667;0.000173046
2;150;0.42;1.00;5712.70;6192.93;76.17;82.57;0.51;0.55;1.66;0.83;68.00659954;0.011357262;-0.006666667;0.000162673
2;150;0.44;1.00;5860.80;6796.77;78.14;90.62;0.52;0.61;1.64;0.83;73.07890194;0.012198535;-0.006666667;0.000153245
2;150;0.46;1.00;6144.00;7428.70;81.92;99.05;0.55;0.66;1.58;0.84;78.09053893;0.013149496;-0.006666659;0.000144639
2;150;0.48;1.00;6306.65;8088.72;84.09;107.85;0.56;0.72;1.55;0.84;83.00106691;0.013701438;-0.006666188;0.000136757
2;150;0.50;1.00;6458.25;8776.82;86.11;117.02;0.58;0.79;1.51;0.85;87.76824476;0.013872727;-0.006653905;0.000129662
2;160;0.02;0.30;360.40;15.98;4.51;0.20;0.03;0.00;0.21;0.71;0.199725371;0.000160775;0;0
2;160;0.04;1.00;718.40;63.94;8.98;0.80;0.06;0.01;2.04;0.75;0.797942417;0.000373701;-0.000000916;0.000000014
2;160;0.06;0.95;1064.20;143.86;13.30;1.80;0.08;0.01;4.92;0.76;1.791773943;0.000547989;-0.000054176;0.000000336
2;160;0.08;1.00;1409.20;255.75;17.62;3.20;0.11;0.02;4.80;0.76;3.176424622;0.000716874;-0.000582767;0.000021662
2;160;0.10;1.00;1717.95;399.61;21.47;5.00;0.14;0.03;4.45;0.77;4.945180996;0.000931016;-0.002243156;0.000193126
2;160;0.12;1.00;2077.95;575.44;25.97;7.19;0.16;0.05;3.94;0.77;7.089411476;0.001396284;-0.004406359;0.000452189
2;160;0.14;1.00;2423.30;783.24;30.29;9.79;0.19;0.06;3.60;0.78;9.598566342;0.001693071;-0.005746987;0.000510599
2;160;0.16;1.00;2693.60;1023.00;33.67;12.79;0.21;0.08;3.28;0.78;12.46017775;0.00169386;-0.006171883;0.00045641
2;160;0.18;1.00;3037.65;1294.74;37.97;16.18;0.24;0.10;2.99;0.78;15.6598597;0.002336658;-0.006243254;0.000400988
2;160;0.20;1.00;3343.00;1598.44;41.79;19.98;0.26;0.13;2.77;0.79;19.18130811;0.002662518;-0.006249683;0.000356625
2;160;0.22;1.00;3623.70;1934.12;45.30;24.18;0.28;0.15;2.64;0.79;23.00630071;0.002725227;-0.006249992;0.00032045
2;160;0.24;1.00;3899.45;2301.76;48.74;28.77;0.31;0.18;2.49;0.79;27.11469714;0.003163776;-0.00625;0.000290352
2;160;0.26;1.00;4269.35;2701.37;53.37;33.77;0.34;0.21;2.30;0.80;31.48443889;0.004893561;-0.00625;0.000264913
2;160;0.28;1.00;4571.25;3132.95;57.14;39.16;0.36;0.25;2.21;0.80;36.09154933;0.005151904;-0.00625;0.000243127
2;160;0.30;1.00;4873.05;3596.50;60.91;44.96;0.38;0.28;2.11;0.81;40.91013369;0.005729883;-0.00625;0.00022426
2;160;0.32;1.00;5083.15;4092.01;63.54;51.15;0.40;0.32;2.03;0.81;45.91237908;0.006669189;-0.00625;0.00020776
2;160;0.34;1.00;5322.85;4619.50;66.54;57.74;0.42;0.36;1.94;0.82;51.06855447;0.006326662;-0.00625;0.000193208
2;160;0.36;1.00;5611.45;5178.95;70.14;64.74;0.44;0.41;1.86;0.82;56.34701069;0.0080713;-0.00625;0.000180279
2;160;0.38;1.00;5979.90;5770.38;74.75;72.13;0.47;0.45;1.78;0.82;61.71418047;0.00996115;-0.00625;0.000168714
2;160;0.40;1.00;6236.05;6393.77;77.95;79.92;0.49;0.50;1.72;0.83;67.13457837;0.010719982;-0.00625;0.000158308
2;160;0.42;1.00;6415.80;7049.13;80.20;88.11;0.50;0.55;1.69;0.83;72.57080085;0.010858304;-0.00625;0.000148896
2;160;0.44;1.00;6646.20;7736.46;83.08;96.71;0.52;0.61;1.63;0.83;77.98352624;0.010811815;-0.00625;0.000140341
2;160;0.46;1.00;6900.60;8455.76;86.26;105.70;0.54;0.66;1.59;0.84;83.3315147;0.012436378;-0.006250131;0.000132529
2;160;0.48;1.00;7235.85;9207.03;90.45;115.09;0.57;0.72;1.54;0.84;88.57160831;0.014757599;-0.006264734;0.000125195
2;160;0.50;1.00;7311.15;9990.26;91.39;124.88;0.57;0.79;1.52;0.85;93.65873099;0.014578953;-0.006488266;0.000117373
2;170;0.02;0.00;411.55;18.05;4.84;0.21;0.03;0.00;0.19;0.72;0.212286715;0.000169337;-0.000000001;0
2;170;0.04;1.00;802.80;72.21;9.44;0.85;0.06;0.01;3.42;0.76;0.848127475;0.000303901;-0.000001237;0.000000013
2;170;0.06;1.00;1176.70;162.46;13.84;1.91;0.08;0.01;5.05;0.76;1.904464129;0.000394658;-0.000069233;0.00000053
2;170;0.08;1.00;1585.90;288.83;18.66;3.40;0.11;0.02;5.18;0.76;3.376199756;0.000819451;-0.000693307;0.00003096
2;170;0.10;1.00;1958.65;451.29;23.04;5.31;0.14;0.03;4.52;0.77;5.256198669;0.000925462;-0.002462028;0.000230872
2;170;0.12;1.00;2329.15;649.86;27.40;7.65;0.16;0.05;4.18;0.77;7.535286411;0.001085907;-0.004487084;0.000459624
2;170;0.14;1.00;2676.85;884.53;31.49;10.41;0.19;0.06;3.63;0.78;10.20224976;0.001218784;-0.005559561;0.000475587
2;170;0.16;1.00;3070.75;1155.30;36.13;13.59;0.21;0.08;3.30;0.78;13.24383672;0.001793016;-0.005841527;0.000417778
2;170;0.18;1.00;3432.20;1462.18;40.38;17.20;0.24;0.10;3.01;0.79;16.64475654;0.002161109;-0.005879591;0.000366994
2;170;0.20;1.00;3756.65;1805.16;44.20;21.24;0.26;0.13;2.82;0.79;20.38767969;0.002772893;-0.005882255;0.000326552
2;170;0.22;1.00;4076.85;2184.24;47.96;25.70;0.28;0.15;2.68;0.79;24.45323786;0.002768961;-0.005882351;0.000293548
2;170;0.24;1.00;4517.25;2599.43;53.14;30.58;0.31;0.18;2.46;0.80;28.820024;0.003510826;-0.005882353;0.000266083
2;170;0.26;1.00;4780.70;3050.72;56.24;35.89;0.33;0.21;2.31;0.80;33.46459228;0.00424217;-0.005882353;0.000242868
2;170;0.28;1.00;5125.60;3538.11;60.30;41.62;0.36;0.25;2.19;0.81;38.3614581;0.004803514;-0.005882353;0.000222986
2;170;0.30;1.00;5483.50;4061.61;64.51;47.78;0.38;0.28;2.10;0.81;43.48309808;0.004963228;-0.005882353;0.000205766
2;170;0.32;1.00;5677.70;4621.21;66.80;54.37;0.40;0.32;2.04;0.81;48.79995009;0.005813015;-0.005882353;0.000190707
2;170;0.34;1.00;6136.05;5216.91;72.19;61.38;0.43;0.36;1.89;0.82;54.28041324;0.007909612;-0.005882353;0.000177426
2;170;0.36;1.00;6360.80;5848.72;74.83;68.81;0.44;0.41;1.87;0.82;59.89084784;0.007781569;-0.005882353;0.000165624
2;170;0.38;1.00;6701.85;6516.62;78.85;76.67;0.47;0.45;1.79;0.82;65.59557546;0.008961446;-0.005882353;0.000155068
2;170;0.40;1.00;6982.50;7220.64;82.15;84.95;0.49;0.50;1.73;0.83;71.3568789;0.009634663;-0.005882353;0.00014557
2;170;0.42;1.00;7220.40;7960.75;84.95;93.66;0.50;0.55;1.68;0.83;77.13500217;0.010521607;-0.005882353;0.000136979
2;170;0.44;1.00;7560.85;8736.97;88.95;102.79;0.53;0.61;1.63;0.83;82.88815053;0.012006033;-0.005882416;0.000129169
2;170;0.46;1.00;7788.60;9549.29;91.63;112.34;0.54;0.66;1.58;0.84;88.57249047;0.012093217;-0.005892735;0.00012192
2;170;0.48;1.00;8052.05;10397.72;94.73;122.33;0.56;0.72;1.55;0.84;94.14214971;0.013234668;-0.006215891;0.000112662
2;170;0.50;1.00;8233.45;11282.24;96.86;132.73;0.57;0.79;1.52;0.85;99.54921721;0.01345831;-0.007787581;0.000126791
2;180;0.02;0.35;449.75;20.24;5.00;0.22;0.03;0.00;0.27;0.73;0.224848059;0.000147332;-0.000000001;0
2;180;0.04;1.00;895.70;80.98;9.95;0.90;0.06;0.01;3.10;0.76;0.898312533;0.00030591;-0.000001668;0.000000012
2;180;0.06;1.00;1327.55;182.20;14.75;2.02;0.08;0.01;4.73;0.76;2.017154314;0.000438807;-0.000088073;0.000000858
2;180;0.08;1.00;1774.15;323.91;19.71;3.60;0.11;0.02;5.25;0.77;3.575974889;0.000690026;-0.000817451;0.00004386
2;180;0.10;1.00;2212.65;506.11;24.59;5.62;0.14;0.03;4.65;0.77;5.567216341;0.000909621;-0.002670733;0.00027033
2;180;0.12;1.00;2616.65;728.80;29.07;8.10;0.16;0.05;4.06;0.77;7.981161347;0.001092033;-0.004522548;0.000457798
2;180;0.14;1.00;3015.20;991.98;33.50;11.02;0.19;0.06;3.62;0.78;10.80593318;0.001335636;-0.005354738;0.000441369
2;180;0.16;1.00;3416.05;1295.64;37.96;14.40;0.21;0.08;3.37;0.78;14.0274957;0.001482053;-0.005535026;0.000384154
2;180;0.18;1.00;3848.75;1639.80;42.76;18.22;0.24;0.10;3.04;0.79;17.62965338;0.001988164;-0.005554474;0.000337581
2;180;0.20;1.00;4244.25;2024.44;47.16;22.49;0.26;0.13;2.85;0.79;21.59405126;0.002600809;-0.005555527;0.000300505
2;180;0.22;1.00;4622.65;2449.58;51.36;27.22;0.29;0.15;2.63;0.79;25.90017501;0.003158061;-0.005555555;0.000270232
2;180;0.24;1.00;5004.60;2915.20;55.61;32.39;0.31;0.18;2.49;0.80;30.52535087;0.003722471;-0.005555556;0.000245038
2;180;0.26;1.00;5393.60;3421.31;59.93;38.01;0.33;0.21;2.36;0.80;35.44474567;0.004185278;-0.005555556;0.000223741
2;180;0.28;1.00;5722.00;3967.91;63.58;44.09;0.36;0.25;2.19;0.80;40.63136686;0.004790552;-0.005555556;0.0002055
2;180;0.30;1.00;6153.90;4555.00;68.38;50.61;0.38;0.28;2.12;0.81;46.05606246;0.006060295;-0.005555556;0.000189702
2;180;0.32;1.00;6463.95;5182.57;71.82;57.58;0.40;0.32;2.02;0.81;51.68752111;0.006606465;-0.005555556;0.000175885
2;180;0.34;1.00;6776.30;5850.64;75.29;65.01;0.42;0.36;1.95;0.82;57.49227201;0.006199663;-0.005555556;0.000163699
2;180;0.36;1.00;7249.25;6559.19;80.55;72.88;0.45;0.41;1.84;0.82;63.43468499;0.008636214;-0.005555556;0.000152871
2;180;0.38;1.00;7510.75;7308.24;83.45;81.20;0.47;0.45;1.79;0.82;69.47697046;0.008943995;-0.005555556;0.000143185
2;180;0.40;1.00;7844.30;8097.77;87.16;89.98;0.49;0.50;1.73;0.83;75.57917942;0.00988606;-0.005555556;0.00013447
2;180;0.42;1.00;8143.15;8927.79;90.48;99.20;0.51;0.55;1.68;0.83;81.69920348;0.010670358;-0.005555566;0.000126587
2;180;0.44;1.00;8472.00;9798.30;94.13;108.87;0.53;0.61;1.63;0.84;87.79277482;0.012118492;-0.005558781;0.000119386
2;180;0.46;1.00;8861.45;10709.30;98.46;118.99;0.55;0.66;1.57;0.84;93.81346624;0.01380215;-0.005743595;0.000111004
2;180;0.48;1.00;9187.25;11660.79;102.08;129.56;0.57;0.72;1.53;0.84;99.71269112;0.014661952;-0.007677336;0.000110815
2;180;0.50;1.00;9471.55;12652.76;105.24;140.59;0.59;0.79;1.50;0.85;105.4397034;0.015638208;-0.00987766;0.00020178
2;190;0.02;0.40;501.85;22.56;5.28;0.24;0.03;0.00;0.25;0.73;0.237409403;0.000146862;-0.000000001;0
2;190;0.04;1.00;998.15;90.25;10.51;0.95;0.06;0.01;3.70;0.75;0.94849759;0.000281692;-0.000002178;0.000000012
2;190;0.06;1.00;1493.90;203.07;15.73;2.14;0.08;0.01;5.25;0.76;2.129844499;0.00044767;-0.000108729;0.000001322
2;190;0.08;1.00;1973.75;361.01;20.78;3.80;0.11;0.02;5.07;0.77;3.775750023;0.000625031;-0.000938848;0.000058457
2;190;0.10;1.00;2461.10;564.07;25.91;5.94;0.14;0.03;4.53;0.77;5.878234014;0.00086628;-0.002837783;0.000301581
2;190;0.12;1.00;2926.00;812.27;30.80;8.55;0.16;0.05;3.91;0.77;8.427036283;0.001091427;-0.004501302;0.000445259
2;190;0.14;1.00;3363.30;1105.58;35.40;11.64;0.19;0.06;3.65;0.77;11.4096166;0.001188026;-0.005138585;0.000409219
2;190;0.16;1.00;3815.45;1444.03;40.16;15.20;0.21;0.08;3.40;0.78;14.81115468;0.001445767;-0.005252848;0.000354796
2;190;0.18;1.00;4282.55;1827.60;45.08;19.24;0.24;0.10;3.03;0.79;18.61455021;0.001970039;-0.005262734;0.000311923
2;190;0.20;1.00;4784.10;2256.29;50.36;23.75;0.27;0.13;2.83;0.79;22.80042284;0.002701995;-0.005263149;0.000277764
2;190;0.22;1.00;5150.40;2730.11;54.21;28.74;0.29;0.15;2.65;0.79;27.34711216;0.002976481;-0.005263158;0.000249865
2;190;0.24;1.00;5581.75;3249.06;58.76;34.20;0.31;0.18;2.46;0.80;32.23067773;0.003464389;-0.005263158;0.000226645
2;190;0.26;1.00;5982.75;3813.13;62.98;40.14;0.33;0.21;2.31;0.80;37.42489906;0.003736686;-0.005263158;0.000207015
2;190;0.28;1.00;6438.30;4422.33;67.77;46.55;0.36;0.25;2.20;0.80;42.90127562;0.004616622;-0.005263158;0.000190202
2;190;0.30;1.00;6825.60;5076.66;71.85;53.44;0.38;0.28;2.11;0.80;48.62902684;0.005754491;-0.005263158;0.00017564
2;190;0.32;1.00;7158.40;5776.11;75.35;60.80;0.40;0.32;2.03;0.81;54.57509212;0.005769354;-0.005263158;0.000162904
2;190;0.34;1.00;7685.10;6520.68;80.90;68.64;0.43;0.36;1.90;0.81;60.70413078;0.007790787;-0.005263158;0.000151671
2;190;0.36;1.00;7960.85;7310.39;83.80;76.95;0.44;0.41;1.86;0.82;66.97852214;0.008181299;-0.005263158;0.000141689
2;190;0.38;1.00;8356.05;8145.21;87.96;85.74;0.47;0.45;1.79;0.82;73.35836546;0.009357718;-0.005263158;0.00013276
2;190;0.40;1.00;8805.90;9025.17;92.69;95.00;0.49;0.50;1.71;0.83;79.80147995;0.010519114;-0.005263159;0.000124726
2;190;0.42;1.00;9124.00;9950.25;96.04;104.74;0.51;0.55;1.67;0.83;86.26340479;0.011331184;-0.005263677;0.000117453
2;190;0.44;1.00;9449.20;10920.45;99.47;114.95;0.53;0.61;1.62;0.83;92.69739911;0.011606583;-0.005326568;0.000110203
2;190;0.46;1.00;9796.15;11935.78;103.12;125.64;0.55;0.66;1.58;0.84;99.054442;0.013688192;-0.006643181;0.00009851
2;190;0.48;1.00;10133.35;12996.24;106.67;136.80;0.56;0.72;1.55;0.84;105.2832325;0.013223574;-0.010466503;0.000176326
2;190;0.50;1.00;10501.75;14101.82;110.54;148.44;0.58;0.79;1.51;0.85;111.3301897;0.015822647;-0.008530956;0.000148924
2;200;0.02;0.40;559.35;25.01;5.59;0.25;0.03;0.00;0.34;0.73;0.249970747;0.000139534;-0.000000001;0
2;200;0.04;1.00;1109.05;100.03;11.09;1.00;0.06;0.01;3.82;0.76;0.998682648;0.000257085;-0.000002743;0.000000011
2;200;0.06;1.00;1652.70;225.06;16.53;2.25;0.08;0.01;5.72;0.76;2.242534684;0.00041059;-0.000129972;0.000001905
2;200;0.08;1.00;2193.50;400.11;21.94;4.00;0.11;0.02;5.00;0.77;3.975525156;0.000639882;-0.001049926;0.000072991
2;200;0.10;1.00;2697.75;625.18;26.98;6.25;0.14;0.03;4.66;0.77;6.189251687;0.00069284;-0.002957792;0.000321415
2;200;0.12;1.00;3196.00;900.25;31.96;9.00;0.16;0.05;4.17;0.78;8.872911218;0.000960435;-0.004435049;0.000425808
2;200;0.14;1.00;3733.85;1225.35;37.34;12.25;0.19;0.06;3.73;0.78;12.01330001;0.001308375;-0.004921815;0.000379958
2;200;0.16;1.00;4279.70;1600.45;42.80;16.00;0.22;0.08;3.37;0.78;15.59481366;0.001830716;-0.004994723;0.000329016
2;200;0.18;1.00;4753.55;2025.57;47.54;20.26;0.24;0.10;3.08;0.79;19.59944705;0.00201035;-0.00499983;0.000289377
2;200;0.20;1.00;5208.80;2500.71;52.09;25.01;0.26;0.13;2.85;0.79;24.00679442;0.002386841;-0.004999997;0.000257768
2;200;0.22;1.00;5711.35;3025.86;57.11;30.26;0.29;0.15;2.67;0.79;28.79404931;0.002979118;-0.005;0.000231948
2;200;0.24;1.00;6205.50;3601.02;62.06;36.01;0.31;0.18;2.49;0.80;33.93600459;0.003878931;-0.005;0.000210457
2;200;0.26;1.00;6587.00;4226.20;65.87;42.26;0.33;0.21;2.35;0.80;39.40505245;0.00376686;-0.005;0.000192288
2;200;0.28;1.00;7135.00;4901.39;71.35;49.01;0.36;0.25;2.24;0.80;45.17118438;0.004317032;-0.005;0.000176726
2;200;0.30;1.00;7576.20;5626.59;75.76;56.27;0.38;0.28;2.10;0.81;51.20199123;0.005749164;-0.005;0.000163247
2;200;0.32;1.00;7902.30;6401.81;79.02;64.02;0.40;0.32;2.04;0.81;57.46266313;0.005356378;-0.005;0.000151457
2;200;0.34;1.00;8459.95;7227.05;84.60;72.27;0.43;0.36;1.92;0.81;63.91598955;0.00682773;-0.005;0.000141059
2;200;0.36;1.00;8801.85;8102.29;88.02;81.02;0.44;0.41;1.86;0.82;70.52235929;0.007680602;-0.005;0.000131818
2;200;0.38;1.00;9257.40;9027.55;92.57;90.28;0.47;0.45;1.79;0.82;77.23976046;0.009029117;-0.005;0.000123553
2;200;0.40;1.00;9785.25;10002.83;97.85;100.03;0.49;0.50;1.71;0.83;84.02378048;0.010330492;-0.005000026;0.000116116
2;200;0.42;1.00;10186.50;11028.12;101.87;110.28;0.51;0.55;1.67;0.83;90.8276061;0.011262098;-0.005012294;0.000109266
2;200;0.44;1.00;10465.35;12103.43;104.65;121.03;0.53;0.61;1.63;0.84;97.6020234;0.011235865;-0.005583634;0.000098576
2;200;0.46;1.00;10750.95;13228.74;107.51;132.29;0.54;0.66;1.59;0.84;104.2954178;0.011800046;-0.009314204;0.0001203
2;200;0.48;1.00;11242.00;14404.08;112.42;144.04;0.56;0.72;1.54;0.84;110.8537739;0.014299341;-0.011669997;0.000225856
2;200;0.50;1.00;11505.20;15629.42;115.05;156.29;0.58;0.79;1.52;0.85;117.2206759;0.01406322;-0.004629423;0.000040374
2;210;0.02;0.70;608.15;27.58;5.79;0.26;0.03;0.00;0.39;0.74;0.262532091;0.000120302;-0.000000002;0
2;210;0.04;0.95;1233.90;110.31;11.75;1.05;0.06;0.01;4.36;0.76;1.048867706;0.000293253;-0.000003463;0.000000011
2;210;0.06;1.00;1814.60;248.19;17.28;2.36;0.08;0.01;6.03;0.76;2.355224869;0.000377861;-0.000155265;0.000002768
2;210;0.08;1.00;2424.10;441.23;23.09;4.20;0.11;0.02;5.41;0.77;4.17530029;0.000653156;-0.00116933;0.000090986
2;210;0.10;1.00;2999.85;689.42;28.57;6.57;0.14;0.03;4.78;0.77;6.50026936;0.000788228;-0.003064805;0.0003395
2;210;0.12;1.00;3568.60;992.77;33.99;9.45;0.16;0.05;4.11;0.77;9.318786154;0.001065804;-0.00435267;0.000405314
2;210;0.14;1.00;4130.30;1351.27;39.34;12.87;0.19;0.06;3.72;0.78;12.61698343;0.001249148;-0.004714511;0.000353768
2;210;0.16;1.00;4671.55;1764.92;44.49;16.81;0.21;0.08;3.40;0.78;16.37847263;0.001461925;-0.004759328;0.000306235
2;210;0.18;1.00;5220.50;2233.73;49.72;21.27;0.24;0.10;3.08;0.78;20.58434389;0.001839587;-0.00476184;0.000269435
2;210;0.20;1.00;5752.10;2757.69;54.78;26.26;0.26;0.13;2.88;0.79;25.213166;0.002035958;-0.004761904;0.000240073
2;210;0.22;1.00;6300.65;3336.80;60.01;31.78;0.29;0.15;2.67;0.79;30.24098647;0.002597775;-0.004761905;0.000216087
2;210;0.24;1.00;6727.55;3971.07;64.07;37.82;0.31;0.18;2.52;0.80;35.64133146;0.003074071;-0.004761905;0.00019612
2;210;0.26;1.00;7344.10;4660.50;69.94;44.39;0.33;0.21;2.36;0.80;41.38520584;0.003964778;-0.004761905;0.00017924
2;210;0.28;1.00;7820.30;5405.07;74.48;51.48;0.36;0.25;2.22;0.80;47.44109315;0.004704834;-0.004761905;0.00016478
2;210;0.30;1.00;8383.40;6204.80;79.84;59.09;0.38;0.28;2.10;0.81;53.77495561;0.005944649;-0.004761905;0.000152256
2;210;0.32;1.00;8807.55;7059.69;83.88;67.24;0.40;0.32;2.03;0.81;60.35023414;0.00611975;-0.004761905;0.000141301
2;210;0.34;1.00;9286.55;7969.72;88.44;75.90;0.42;0.36;1.94;0.81;67.12784833;0.007457697;-0.004761905;0.000131639
2;210;0.36;1.00;9729.25;8934.92;92.66;85.09;0.44;0.41;1.87;0.82;74.06619644;0.007596868;-0.004761905;0.000123053
2;210;0.38;1.00;10192.15;9955.26;97.07;94.81;0.46;0.45;1.80;0.82;81.12115546;0.008087414;-0.004761906;0.000115373
2;210;0.40;1.00;10588.20;11030.76;100.84;105.05;0.48;0.50;1.74;0.83;88.246081;0.009131552;-0.004762756;0.000108454
2;210;0.42;1.00;10986.65;12161.41;104.63;115.82;0.50;0.55;1.69;0.83;95.39180741;0.009837115;-0.004875672;0.000101163
2;210;0.44;1.00;11463.05;13347.22;109.17;127.12;0.52;0.61;1.64;0.83;102.5066477;0.011236182;-0.007143873;0.00008972
2;210;0.46;1.00;11966.45;14588.18;113.97;138.94;0.55;0.66;1.58;0.84;109.5363935;0.013344152;-0.012999297;0.00022374
2;210;0.48;1.00;12427.05;15884.29;118.35;151.28;0.57;0.72;1.54;0.84;116.4243153;0.013986966;-0.00862773;0.000119052
2;210;0.50;1.00;12695.35;17235.56;120.91;164.15;0.58;0.79;1.52;0.85;123.1111621;0.014056054;-0.001594419;0.0000043
2;220;0.02;0.55;675.30;30.27;6.14;0.28;0.03;0.00;0.42;0.75;0.275093435;0.000116224;-0.000000002;0
2;220;0.04;1.00;1351.05;121.09;12.28;1.10;0.06;0.01;4.29;0.76;1.099052763;0.000256253;-0.000004187;0.000000012
2;220;0.06;1.00;2003.75;272.45;18.22;2.48;0.08;0.01;6.21;0.76;2.467915054;0.000383056;-0.000178731;0.000003687
2;220;0.08;1.00;2628.30;484.36;23.89;4.40;0.11;0.02;5.61;0.76;4.375075423;0.000466963;-0.001265862;0.000105376
2;220;0.10;1.00;3282.80;756.81;29.84;6.88;0.14;0.03;4.85;0.77;6.811287032;0.000695873;-0.003119584;0.000343663
2;220;0.12;1.00;3910.40;1089.81;35.55;9.91;0.16;0.05;4.19;0.77;9.764661089;0.000884635;-0.004241644;0.000382435
2;220;0.14;1.00;4580.05;1483.35;41.64;13.48;0.19;0.06;3.67;0.78;13.22066685;0.00142581;-0.004515445;0.000330296
2;220;0.16;1.00;5127.00;1937.43;46.61;17.61;0.21;0.08;3.36;0.78;17.16213161;0.001465736;-0.004544108;0.000285984
2;220;0.18;1.00;5773.85;2452.06;52.49;22.29;0.24;0.10;3.06;0.78;21.56924072;0.001983623;-0.004545428;0.000251694
2;220;0.20;1.00;6327.55;3027.24;57.52;27.52;0.26;0.13;2.86;0.79;26.41953758;0.002293042;-0.004545454;0.000224325
2;220;0.22;1.00;6884.75;3662.96;62.59;33.30;0.29;0.15;2.65;0.79;31.68792362;0.002695173;-0.004545455;0.000201964
2;220;0.24;1.00;7419.00;4359.22;67.45;39.63;0.31;0.18;2.53;0.80;37.34665832;0.003029413;-0.004545455;0.00018335
2;220;0.26;1.00;7963.05;5116.03;72.39;46.51;0.33;0.21;2.37;0.80;43.36535923;0.00339984;-0.004545455;0.000167612
2;220;0.28;1.00;8629.05;5933.39;78.45;53.94;0.36;0.25;2.24;0.80;49.71100191;0.004731028;-0.004545455;0.000154131
2;220;0.30;1.00;9133.55;6811.29;83.03;61.92;0.38;0.28;2.12;0.81;56.34791999;0.005409252;-0.004545455;0.000142454
2;220;0.32;1.00;9730.50;7749.73;88.46;70.45;0.40;0.32;2.01;0.81;63.23780515;0.006367766;-0.004545455;0.00013224
2;220;0.34;1.00;10138.75;8748.72;92.17;79.53;0.42;0.36;1.95;0.81;70.3397071;0.006640676;-0.004545455;0.000123232
2;220;0.36;1.00;10656.75;9808.25;96.88;89.17;0.44;0.41;1.86;0.82;77.61003359;0.008616657;-0.004545455;0.000115226
2;220;0.38;1.00;11257.50;10928.33;102.34;99.35;0.47;0.45;1.79;0.82;85.00255045;0.008087849;-0.004545479;0.000108064
2;220;0.40;1.00;11697.75;12108.95;106.34;110.08;0.49;0.50;1.73;0.83;92.46838153;0.009108214;-0.004560334;0.000101486
2;220;0.42;1.00;12082.75;13350.12;109.84;121.36;0.50;0.55;1.69;0.83;99.95600872;0.0099399;-0.005351156;0.000089984
2;220;0.44;1.00;12571.45;14651.84;114.29;133.20;0.52;0.61;1.64;0.84;107.411272;0.011055241;-0.010593995;0.000125362
2;220;0.46;1.00;13120.30;16014.09;119.28;145.58;0.54;0.66;1.58;0.84;114.7773693;0.013422219;-0.013038685;0.000228164
2;220;0.48;1.00;13479.20;17436.89;122.54;158.52;0.56;0.72;1.55;0.84;121.9948567;0.013048408;-0.004259988;0.000026893
2;220;0.50;1.00;13912.05;18920.24;126.47;172.00;0.58;0.79;1.52;0.84;129.0016483;0.013628833;-0.000290448;0.000000126
2;230;0.02;0.70;753.15;33.09;6.55;0.29;0.03;0.00;0.55;0.75;0.287654779;0.000133735;-0.000000047;0
2;230;0.04;1.00;1484.30;132.37;12.91;1.15;0.06;0.01;4.61;0.76;1.149237821;0.000259234;-0.000024387;0.000000103
2;230;0.06;1.00;2172.45;297.84;18.89;2.59;0.08;0.01;5.92;0.76;2.580605239;0.000355996;-0.000473999;0.000021513
2;230;0.08;1.00;2895.05;529.50;25.17;4.60;0.11;0.02;5.50;0.77;4.574850557;0.00055416;-0.002006113;0.00021182
2;230;0.10;1.00;3591.00;827.34;31.23;7.19;0.14;0.03;4.68;0.77;7.122304705;0.00064868;-0.0036022;0.000386867
2;230;0.12;1.00;4290.35;1191.37;37.31;10.36;0.16;0.05;4.10;0.77;10.21053603;0.001048101;-0.004234178;0.00036283
2;230;0.14;1.00;4980.70;1621.58;43.31;14.10;0.19;0.06;3.77;0.78;13.82435027;0.001305994;-0.004339757;0.000309239
2;230;0.16;1.00;5667.80;2117.99;49.29;18.42;0.22;0.08;3.33;0.78;17.94579059;0.001614898;-0.004347563;0.000267879
2;230;0.18;1.00;6258.15;2680.58;54.42;23.31;0.24;0.10;3.10;0.79;22.55413756;0.001638113;-0.004347822;0.000235826
2;230;0.20;1.00;6874.95;3309.35;59.78;28.78;0.26;0.13;2.94;0.79;27.62590916;0.002002937;-0.004347826;0.000210234
2;230;0.22;1.00;7561.45;4004.32;65.75;34.82;0.29;0.15;2.64;0.79;33.13486077;0.002839797;-0.004347826;0.000189323
2;230;0.24;1.00;8103.80;4765.47;70.47;41.44;0.31;0.18;2.51;0.80;39.05198519;0.002945622;-0.004347826;0.000171916
2;230;0.26;1.00;8849.50;5592.81;76.95;48.63;0.34;0.21;2.34;0.80;45.34551262;0.004351167;-0.004347826;0.000157198
2;230;0.28;1.00;9412.50;6486.33;81.85;56.40;0.36;0.25;2.23;0.80;51.98091067;0.004268532;-0.004347826;0.00014459
2;230;0.30;1.00;9971.00;7446.05;86.70;64.75;0.38;0.28;2.12;0.81;58.92088438;0.00484489;-0.004347826;0.000133668
2;230;0.32;1.00;10583.00;8471.95;92.03;73.67;0.40;0.32;2.01;0.81;66.12537616;0.006122912;-0.004347826;0.000124116
2;230;0.34;1.00;11132.70;9564.03;96.81;83.17;0.42;0.36;1.93;0.81;73.55156587;0.006745098;-0.004347826;0.00011569
2;230;0.36;1.00;11813.05;10722.31;102.72;93.24;0.45;0.41;1.85;0.82;81.15387074;0.008383155;-0.004347826;0.000108202
2;230;0.38;1.00;12238.60;11946.77;106.42;103.88;0.46;0.45;1.79;0.82;88.88394545;0.008269134;-0.004348449;0.000101498
2;230;0.40;1.00;12900.30;13237.41;112.18;115.11;0.49;0.50;1.72;0.83;96.69068206;0.010431835;-0.004462009;0.000094511
2;230;0.42;1.00;13239.90;14594.25;115.13;126.91;0.50;0.55;1.69;0.83;104.52021;0.010029508;-0.007186847;0.000081889
2;230;0.44;1.00;13854.40;16017.27;120.47;139.28;0.53;0.61;1.62;0.84;112.3158963;0.011339578;-0.014669127;0.000234962
2;230;0.46;1.00;14282.40;17506.48;124.19;152.23;0.54;0.66;1.59;0.84;120.0183451;0.01325972;-0.009240026;0.000110383
2;230;0.48;1.00;14815.50;19061.88;128.83;165.76;0.56;0.72;1.55;0.84;127.5653981;0.013185713;-0.001206733;0.000001944
2;230;0.50;1.00;15338.00;20683.46;133.37;179.86;0.58;0.79;1.50;0.85;134.8921346;0.014613619;-0.000041723;0.000000002
2;240;0.02;0.70;799.15;36.04;6.66;0.30;0.03;0.00;0.47;0.75;0.300216123;0.000114133;-0.000000045;0
2;240;0.04;1.00;1603.55;144.16;13.36;1.20;0.06;0.01;5.45;0.75;1.199422879;0.00022832;-0.000023647;0.000000093
2;240;0.06;1.00;2384.00;324.36;19.87;2.70;0.08;0.01;6.72;0.76;2.693295424;0.0003629;-0.000462752;0.000018965
2;240;0.08;1.00;3148.20;576.65;26.24;4.81;0.11;0.02;5.46;0.77;4.77462569;0.000493551;-0.001957889;0.000193517
2;240;0.10;1.00;3911.95;901.01;32.60;7.51;0.14;0.03;4.64;0.77;7.433322378;0.000676036;-0.003489145;0.00036368
2;240;0.12;1.00;4672.40;1297.45;38.94;10.81;0.16;0.05;4.16;0.78;10.65641096;0.000990477;-0.004070481;0.000340946
2;240;0.14;1.00;5380.85;1765.98;44.84;14.72;0.19;0.06;3.81;0.78;14.42803369;0.001182424;-0.004160562;0.000290397
2;240;0.16;1.00;6142.35;2306.58;51.19;19.22;0.21;0.08;3.42;0.78;18.72944957;0.001586893;-0.004166497;0.000251621
2;240;0.18;1.00;6837.25;2919.27;56.98;24.33;0.24;0.10;3.09;0.79;23.5390344;0.001796022;-0.004166665;0.000221566
2;240;0.20;1.00;7565.55;3604.04;63.05;30.03;0.26;0.13;2.85;0.79;28.83228074;0.002377675;-0.004166667;0.000197566
2;240;0.22;1.00;8246.20;4360.88;68.72;36.34;0.29;0.15;2.68;0.79;34.58179792;0.00318372;-0.004166667;0.000177956
2;240;0.24;1.00;9036.70;5189.81;75.31;43.25;0.32;0.18;2.46;0.80;40.75731205;0.003364657;-0.004166667;0.000161629
2;240;0.26;1.00;9612.65;6090.82;80.11;50.76;0.34;0.21;2.33;0.80;47.32566601;0.003952814;-0.004166667;0.000147825
2;240;0.28;1.00;10245.60;7063.91;85.38;58.87;0.36;0.25;2.22;0.80;54.25081944;0.004660294;-0.004166667;0.000136
2;240;0.30;1.00;10849.05;8109.08;90.41;67.58;0.38;0.28;2.14;0.81;61.49384876;0.005053929;-0.004166667;0.000125756
2;240;0.32;1.00;11519.50;9226.33;96.00;76.89;0.40;0.32;2.01;0.81;69.01294717;0.006105829;-0.004166667;0.000116796
2;240;0.34;1.00;12091.75;10415.66;100.76;86.80;0.42;0.36;1.93;0.82;76.76342464;0.006972695;-0.004166667;0.000108893
2;240;0.36;1.00;12679.00;11677.07;105.66;97.31;0.44;0.41;1.87;0.82;84.6977079;0.007153658;-0.004166672;0.000101869
2;240;0.38;1.00;13375.50;13010.57;111.46;108.42;0.47;0.45;1.80;0.82;92.76534045;0.00971145;-0.00417346;0.00009553
2;240;0.40;1.00;13866.60;14416.14;115.56;120.13;0.48;0.50;1.74;0.83;100.9129826;0.008777833;-0.004755663;0.000085654
2;240;0.42;1.00;14371.65;15893.79;119.76;132.45;0.50;0.55;1.69;0.83;109.0844113;0.010172789;-0.010912948;0.00011318
2;240;0.44;1.00;15090.70;17443.53;125.76;145.36;0.53;0.61;1.63;0.84;117.2205206;0.012062201;-0.014716631;0.000239117
2;240;0.46;1.00;15620.90;19065.35;130.17;158.88;0.54;0.66;1.58;0.84;125.2593208;0.012804771;-0.004611879;0.000025769
2;240;0.48;1.00;16078.80;20759.24;133.99;172.99;0.56;0.72;1.55;0.84;133.1359395;0.01331736;-0.000267097;0.000000087
2;240;0.50;1.00;16671.70;22525.22;138.93;187.71;0.58;0.79;1.51;0.85;140.7826208;0.014431752;-0.000004172;0
2;250;0.02;0.65;878.80;39.11;7.03;0.31;0.03;0.00;0.50;0.74;0.312777467;0.000107262;-0.000000043;0
2;250;0.04;1.00;1728.60;156.45;13.83;1.25;0.06;0.01;5.64;0.76;1.249607936;0.000215573;-0.000023202;0.000000085
2;250;0.06;1.00;2585.55;352.02;20.68;2.82;0.08;0.01;6.18;0.76;2.80598561;0.000326957;-0.00045862;0.000017645
2;250;0.08;1.00;3407.20;625.81;27.26;5.01;0.11;0.02;5.54;0.76;4.974400824;0.000439411;-0.001933681;0.000186824
2;250;0.10;1.00;4274.05;977.82;34.19;7.82;0.14;0.03;4.69;0.77;7.74434005;0.000741955;-0.003399334;0.000347767
2;250;0.12;1.00;5028.00;1408.06;40.22;11.26;0.16;0.05;4.27;0.77;11.1022859;0.000839679;-0.003922212;0.000321337
2;250;0.14;1.00;5882.35;1916.53;47.06;15.33;0.19;0.06;3.76;0.78;15.0317171;0.001307881;-0.003995673;0.000273396
2;250;0.16;1.00;6635.00;2503.22;53.08;20.03;0.21;0.08;3.37;0.78;19.51310855;0.001411548;-0.003999899;0.00023695
2;250;0.18;1.00;7364.55;3168.14;58.92;25.35;0.24;0.10;3.10;0.79;24.52393123;0.001618173;-0.003999999;0.000208693
2;250;0.20;1.00;8180.70;3911.28;65.45;31.29;0.26;0.13;2.85;0.79;30.03865232;0.002245632;-0.004;0.000186127
2;250;0.22;1.00;8892.40;4732.65;71.14;37.86;0.29;0.15;2.68;0.79;36.02873507;0.002746937;-0.004;0.000167687
2;250;0.24;1.00;9686.85;5632.25;77.49;45.06;0.31;0.18;2.49;0.79;42.46263892;0.003370828;-0.004;0.000152335
2;250;0.26;1.00;10377.75;6610.07;83.02;52.88;0.33;0.21;2.35;0.80;49.3058194;0.003876269;-0.004;0.000139354
2;250;0.28;1.00;11042.30;7666.11;88.34;61.33;0.35;0.25;2.25;0.80;56.5207282;0.0041664;-0.004;0.000128234
2;250;0.30;1.00;11803.70;8800.39;94.43;70.40;0.38;0.28;2.11;0.81;64.06681314;0.004978034;-0.004;0.0001186
2;250;0.32;1.00;12365.10;10012.88;98.92;80.10;0.40;0.32;2.03;0.81;71.90051819;0.005741114;-0.004;0.000110174
2;250;0.34;1.00;13142.25;11303.61;105.14;90.43;0.42;0.36;1.94;0.81;79.97528341;0.006322893;-0.004;0.000102741
2;250;0.36;1.00;13785.75;12672.56;110.29;101.38;0.44;0.41;1.86;0.82;88.24154505;0.007717865;-0.004000143;0.000096135
2;250;0.38;1.00;14367.55;14119.73;114.94;112.96;0.46;0.45;1.80;0.82;96.64673545;0.007749157;-0.004051159;0.000089823
2;250;0.40;1.00;15160.50;15645.13;121.28;125.16;0.49;0.50;1.73;0.83;105.1352831;0.009739004;-0.006499235;0.00007497
2;250;0.42;1.00;15697.10;17248.76;125.58;137.99;0.50;0.55;1.68;0.83;113.6486127;0.010077428;-0.015120277;0.00020582
2;250;0.44;1.00;16360.00;18930.61;130.88;151.44;0.53;0.61;1.63;0.83;122.1251449;0.011612934;-0.010875131;0.000126792
2;250;0.46;1.00;17031.25;20690.69;136.25;165.53;0.55;0.66;1.58;0.84;130.5002966;0.012508928;-0.001393659;0.000002155
2;250;0.48;1.00;17545.25;22528.99;140.36;180.23;0.56;0.72;1.54;0.84;138.7064809;0.013787783;-0.000042236;0.000000002
2;250;0.50;1.00;17984.95;24445.52;143.88;195.56;0.58;0.79;1.51;0.85;146.673107;0.01402398;-0.000000299;0
2;260;0.02;0.70;943.40;42.31;7.26;0.33;0.03;0.00;0.63;0.74;0.325338811;0.000103439;-0.00000008;0
2;260;0.04;1.00;1859.55;169.24;14.30;1.30;0.06;0.01;7.27;0.76;1.299792994;0.000191308;-0.00003781;0.000000253
2;260;0.06;1.00;2808.20;380.80;21.60;2.93;0.08;0.01;6.15;0.76;2.918675795;0.000362514;-0.000631533;0.000039742
2;260;0.08;1.00;3683.45;676.98;28.33;5.21;0.11;0.02;5.68;0.77;5.174175957;0.000453275;-0.002241709;0.000261436
2;260;0.10;1.00;4550.90;1057.77;35.01;8.14;0.14;0.03;4.83;0.77;8.055357723;0.000606847;-0.003478377;0.000352733
2;260;0.12;1.00;5498.20;1523.19;42.29;11.72;0.16;0.05;4.23;0.77;11.54816083;0.000855565;-0.003810357;0.000303877
2;260;0.14;1.00;6307.25;2073.24;48.52;15.95;0.19;0.06;3.73;0.78;15.63540052;0.000936318;-0.003844703;0.000257988
2;260;0.16;1.00;7279.15;2707.90;55.99;20.83;0.22;0.08;3.34;0.78;20.29676752;0.001535735;-0.00384613;0.000223657
2;260;0.18;1.00;8045.75;3427.19;61.89;26.36;0.24;0.10;3.11;0.78;25.50882807;0.001801589;-0.003846154;0.000197026
2;260;0.20;1.00;8859.20;4231.10;68.15;32.55;0.26;0.13;2.89;0.79;31.2450239;0.001958836;-0.003846154;0.000175756
2;260;0.22;1.00;9642.25;5119.63;74.17;39.38;0.29;0.15;2.65;0.79;37.47567222;0.002948318;-0.003846154;0.000158375
2;260;0.24;1.00;10451.15;6092.78;80.39;46.87;0.31;0.18;2.46;0.79;44.16796578;0.003106624;-0.003846154;0.000143904
2;260;0.26;1.00;11191.05;7150.55;86.09;55.00;0.33;0.21;2.37;0.80;51.28597279;0.00367551;-0.003846154;0.000131667
2;260;0.28;1.00;11906.35;8292.95;91.59;63.79;0.35;0.25;2.23;0.80;58.79063696;0.003885686;-0.003846154;0.000121184
2;260;0.30;1.00;12745.65;9519.97;98.04;73.23;0.38;0.28;2.13;0.81;66.63977753;0.005115851;-0.003846154;0.000112103
2;260;0.32;1.00;13524.60;10831.61;104.04;83.32;0.40;0.32;2.01;0.81;74.7880892;0.005883169;-0.003846154;0.00010416
2;260;0.34;1.00;14256.65;12227.87;109.67;94.06;0.42;0.36;1.93;0.82;83.18714218;0.006827039;-0.003846154;0.000097153
2;260;0.36;1.00;14885.25;13708.75;114.50;105.45;0.44;0.41;1.87;0.82;91.7853822;0.007449917;-0.003847721;0.000090914
2;260;0.38;1.00;15622.45;15274.26;120.17;117.49;0.46;0.45;1.80;0.82;100.5281304;0.008252671;-0.004196578;0.000082839
2;260;0.40;1.00;16363.05;16924.39;125.87;130.19;0.49;0.50;1.74;0.83;109.3575836;0.009958703;-0.009937009;0.000088357
2;260;0.42;1.00;16904.80;18659.14;130.04;143.53;0.50;0.55;1.68;0.83;118.212814;0.010143633;-0.016745727;0.000257477
2;260;0.44;1.00;17829.55;20478.51;137.15;157.53;0.53;0.61;1.62;0.83;127.0297692;0.012309847;-0.005927342;0.000035733
2;260;0.46;1.00;18368.50;22382.50;141.30;172.17;0.55;0.66;1.58;0.84;135.7412724;0.012052622;-0.000347062;0.000000123
2;260;0.48;1.00;19098.40;24371.12;146.91;187.47;0.57;0.72;1.54;0.84;144.2770223;0.014426548;-0.000004887;0
2;260;0.50;1.00;19303.85;26444.36;148.49;203.42;0.57;0.79;1.52;0.85;152.5635932;0.013267346;-0.000000016;0
2;270;0.02;0.75;1030.95;45.63;7.64;0.34;0.03;0.00;0.80;0.75;0.337900155;0.000110335;-0.000000077;0
2;270;0.04;1.00;2035.00;182.54;15.07;1.35;0.06;0.01;7.07;0.76;1.349978052;0.000208562;-0.000036619;0.000000228
2;270;0.06;1.00;3019.35;410.71;22.37;3.04;0.08;0.01;6.57;0.76;3.03136598;0.000341003;-0.000613433;0.000034905
2;270;0.08;1.00;3978.60;730.16;29.47;5.41;0.11;0.02;5.80;0.76;5.373951091;0.000455218;-0.002175298;0.000237443
2;270;0.10;1.00;4965.50;1140.87;36.78;8.45;0.14;0.03;4.88;0.77;8.366375396;0.000687172;-0.003361622;0.000331541
2;270;0.12;1.00;5898.65;1642.85;43.69;12.17;0.16;0.05;4.27;0.77;11.99403577;0.000884308;-0.003671869;0.000287282
2;270;0.14;1.00;6843.20;2236.10;50.69;16.56;0.19;0.06;3.77;0.78;16.23908394;0.000995405;-0.003702502;0.000243992
2;270;0.16;1.00;7752.00;2920.63;57.42;21.63;0.21;0.08;3.42;0.78;21.0804265;0.001248004;-0.003703686;0.000211566
2;270;0.18;1.00;8620.60;3696.42;63.86;27.38;0.24;0.10;3.14;0.79;26.49372491;0.001594037;-0.003703704;0.000186411
2;270;0.20;1.00;9583.90;4563.48;70.99;33.80;0.26;0.13;2.87;0.79;32.45139548;0.002115493;-0.003703704;0.000166319
2;270;0.22;1.00;10392.35;5521.81;76.98;40.90;0.29;0.15;2.65;0.79;38.92260938;0.002634869;-0.003703704;0.000149898
2;270;0.24;1.00;11213.30;6571.41;83.06;48.68;0.31;0.18;2.51;0.80;45.87329264;0.003054516;-0.003703704;0.000136227
2;270;0.26;1.00;12189.45;7712.28;90.29;57.13;0.34;0.21;2.35;0.80;53.26612617;0.004134982;-0.003703704;0.000124666
2;270;0.28;1.00;12910.60;8944.42;95.63;66.25;0.36;0.25;2.23;0.80;61.06054573;0.004845076;-0.003703704;0.000114762
2;270;0.30;1.00;13789.05;10267.82;102.14;76.06;0.38;0.28;2.11;0.81;69.21274191;0.005364206;-0.003703704;0.000106182
2;270;0.32;1.00;14649.05;11682.50;108.51;86.54;0.40;0.32;2.02;0.81;77.67566021;0.006029317;-0.003703704;0.000098677
2;270;0.34;1.00;15387.05;13188.45;113.98;97.69;0.42;0.36;1.93;0.82;86.39900095;0.006505018;-0.003703718;0.000092057
2;270;0.36;1.00;16240.50;14785.67;120.30;109.52;0.45;0.41;1.85;0.82;95.32921935;0.008062637;-0.003716169;0.000086081
2;270;0.38;1.00;16978.90;16474.15;125.77;122.03;0.47;0.45;1.79;0.82;104.4095254;0.009207874;-0.005011138;0.000073503
2;270;0.40;1.00;17605.45;18253.91;130.41;135.21;0.48;0.50;1.73;0.83;113.5798842;0.009526362;-0.014555329;0.000159184
2;270;0.42;1.00;18449.65;20124.94;136.66;149.07;0.51;0.55;1.68;0.83;122.7770153;0.01080858;-0.013741431;0.000170574
2;270;0.44;1.00;19175.40;22087.23;142.04;163.61;0.53;0.61;1.61;0.84;131.9343934;0.011734659;-0.002415069;0.000005571
2;270;0.46;1.00;19735.20;24140.80;146.19;178.82;0.54;0.66;1.58;0.84;140.9822481;0.012136199;-0.000064525;0.000000004
2;270;0.48;1.00;20648.20;26285.63;152.95;194.71;0.57;0.72;1.54;0.84;149.8475637;0.014123413;-0.000000423;0
2;270;0.50;1.00;20987.55;28521.73;155.46;211.27;0.58;0.79;1.51;0.85;158.4540795;0.014035195;-0.000000001;0
2;280;0.02;0.85;1102.85;49.08;7.88;0.35;0.03;0.00;0.78;0.76;0.350461499;0.000100923;-0.000000109;0
2;280;0.04;1.00;2184.50;196.34;15.60;1.40;0.06;0.01;7.62;0.76;1.400163109;0.000198371;-0.000048261;0.000000426
2;280;0.06;1.00;3237.65;441.76;23.13;3.16;0.08;0.01;6.55;0.76;3.144056165;0.000294579;-0.000730957;0.000054127
2;280;0.08;1.00;4306.20;785.35;30.76;5.61;0.11;0.02;5.62;0.76;5.573726224;0.000436558;-0.002329848;0.000277448
2;280;0.10;1.00;5357.30;1227.11;38.27;8.77;0.14;0.03;4.90;0.77;8.677393068;0.000680135;-0.003341675;0.0003233
2;280;0.12;1.00;6310.75;1767.03;45.08;12.62;0.16;0.05;4.28;0.77;12.4399107;0.000748634;-0.003554557;0.000272302
2;280;0.14;1.00;7336.75;2405.13;52.41;17.18;0.19;0.06;3.71;0.78;16.84276736;0.001043019;-0.003570943;0.000231218
2;280;0.16;1.00;8319.05;3141.39;59.42;22.44;0.21;0.08;3.44;0.78;21.86408548;0.001244723;-0.003571423;0.000200532
2;280;0.18;1.00;9316.85;3975.82;66.55;28.40;0.24;0.10;3.09;0.78;27.47862175;0.001854906;-0.003571429;0.00017672
2;280;0.20;1.00;10306.40;4908.42;73.62;35.06;0.26;0.13;2.85;0.79;33.65776705;0.002219991;-0.003571429;0.0001577
2;280;0.22;1.00;11177.70;5939.19;79.84;42.42;0.29;0.15;2.68;0.79;40.36954653;0.002649645;-0.003571429;0.000142155
2;280;0.24;1.00;12256.65;7068.13;87.55;50.49;0.31;0.18;2.46;0.80;47.57861951;0.003641883;-0.003571429;0.000129212
2;280;0.26;1.00;12949.45;8295.24;92.50;59.25;0.33;0.21;2.35;0.80;55.24627956;0.003406426;-0.003571429;0.000118268
2;280;0.28;1.00;13905.90;9620.51;99.33;68.72;0.36;0.25;2.22;0.80;63.33045449;0.004516402;-0.003571429;0.000108891
2;280;0.30;1.00;14697.85;11043.95;104.98;78.89;0.38;0.28;2.14;0.81;71.78570629;0.00449344;-0.003571429;0.000100768
2;280;0.32;1.00;15740.15;12565.57;112.43;89.75;0.40;0.32;2.01;0.81;80.56323122;0.006044243;-0.003571429;0.000093662
2;280;0.34;1.00;16372.85;14185.35;116.95;101.32;0.42;0.36;1.95;0.82;89.61085973;0.006272149;-0.003571592;0.000087393
2;280;0.36;1.00;17170.05;15903.29;122.64;113.59;0.44;0.41;1.88;0.82;98.8730565;0.006643747;-0.003669378;0.000081137
2;280;0.38;1.00;18188.00;17719.41;129.91;126.57;0.47;0.45;1.79;0.82;108.2909204;0.008636128;-0.007211458;0.000067178
2;280;0.40;1.00;19020.75;19633.70;135.86;140.24;0.49;0.50;1.73;0.83;117.8021847;0.009157638;-0.017954397;0.000245885
2;280;0.42;1.00;19702.40;21646.15;140.73;154.62;0.50;0.55;1.69;0.83;127.3412166;0.010396297;-0.008648853;0.00006497
2;280;0.44;1.00;20638.15;23756.77;147.42;169.69;0.53;0.61;1.63;0.84;136.8390177;0.012040478;-0.000747731;0.0000005
2;280;0.46;1.00;21097.85;25965.56;150.70;185.47;0.54;0.66;1.59;0.84;146.2232239;0.0120237;-0.000009128;0
2;280;0.48;1.00;21922.95;28272.52;156.59;201.95;0.56;0.72;1.55;0.84;155.4181051;0.013293432;-0.000000028;0
2;280;0.50;1.00;22909.30;30677.65;163.64;219.13;0.59;0.79;1.50;0.85;164.3445657;0.015230096;0;0
2;290;0.02;0.95;1195.20;52.66;8.24;0.36;0.03;0.00;0.80;0.75;0.363022844;0.000100949;-0.000000105;0
2;290;0.04;1.00;2344.95;210.64;16.17;1.45;0.06;0.01;7.23;0.75;1.450348167;0.000199223;-0.000046833;0.000000385
2;290;0.06;1.00;3490.20;473.93;24.07;3.27;0.08;0.01;6.81;0.76;3.25674635;0.000324113;-0.000711005;0.000047815
2;290;0.08;1.00;4615.70;842.55;31.83;5.81;0.11;0.02;5.66;0.76;5.773501358;0.000441977;-0.002263359;0.000254334
2;290;0.10;1.00;5727.50;1316.48;39.50;9.08;0.14;0.03;4.79;0.77;8.988410741;0.000603629;-0.00323447;0.000305755
2;290;0.12;1.00;6783.40;1895.74;46.78;13.07;0.16;0.05;4.27;0.77;12.88578564;0.000769697;-0.003433311;0.00025847
2;290;0.14;1.00;7852.35;2580.31;54.15;17.80;0.19;0.06;3.83;0.78;17.44645077;0.000960178;-0.003447877;0.000219528
2;290;0.16;1.00;8977.50;3370.20;61.91;23.24;0.21;0.08;3.39;0.78;22.64774446;0.001365321;-0.003448272;0.000190427
2;290;0.18;1.00;9974.45;4265.41;68.79;29.42;0.24;0.10;3.12;0.78;28.46351858;0.00171837;-0.003448276;0.000167844
2;290;0.20;1.00;11016.05;5265.94;75.97;36.32;0.26;0.13;2.87;0.79;34.86413863;0.001998712;-0.003448276;0.000149804
2;290;0.22;1.00;12025.65;6371.78;82.94;43.94;0.29;0.15;2.67;0.79;41.81648368;0.002476636;-0.003448276;0.00013506
2;290;0.24;1.00;13039.95;7582.95;89.93;52.30;0.31;0.18;2.49;0.79;49.28394637;0.003138929;-0.003448276;0.000122783
2;290;0.26;1.00;13913.25;8899.43;95.95;61.38;0.33;0.21;2.37;0.80;57.22643295;0.003684997;-0.003448276;0.000112402
2;290;0.28;1.00;14922.25;10321.24;102.91;71.18;0.36;0.25;2.23;0.80;65.60036325;0.00429783;-0.003448276;0.000103507
2;290;0.30;1.00;15848.40;11848.36;109.30;81.71;0.38;0.28;2.12;0.81;74.35867068;0.004749131;-0.003448276;0.000095802
2;290;0.32;1.00;16851.40;13480.80;116.22;92.97;0.40;0.32;2.02;0.81;83.45080223;0.006286706;-0.003448276;0.000089062
2;290;0.34;1.00;17804.95;15218.56;122.79;104.96;0.42;0.36;1.93;0.82;92.8227185;0.007068589;-0.003449725;0.000083106
2;290;0.36;1.00;18621.95;17061.64;128.43;117.67;0.44;0.41;1.86;0.82;102.4168936;0.007340929;-0.003868279;0.000075136
2;290;0.38;1.00;19384.55;19010.03;133.69;131.10;0.46;0.45;1.80;0.82;112.1723154;0.007576996;-0.011152986;0.0000886
2;290;0.40;1.00;20328.70;21063.75;140.20;145.27;0.49;0.50;1.74;0.83;122.0244852;0.009495641;-0.017772466;0.000242376
2;290;0.42;1.00;21170.60;23222.78;146.00;160.16;0.51;0.55;1.68;0.83;131.9054179;0.010046225;-0.004216932;0.00001468
2;290;0.44;1.00;21979.55;25487.14;151.58;175.77;0.52;0.61;1.63;0.84;141.743642;0.011146626;-0.000178811;0.000000027
2;290;0.46;1.00;22835.65;27856.81;157.49;192.12;0.54;0.66;1.59;0.84;151.4641997;0.01210559;-0.000001;0
2;290;0.48;1.00;23537.45;30331.80;162.33;209.18;0.56;0.72;1.55;0.84;160.9886465;0.013138959;-0.000000001;0
2;290;0.50;1.00;24428.25;32912.11;168.47;226.98;0.58;0.79;1.51;0.85;170.2350519;0.014313244;0;0
2;300;0.02;1.00;1262.85;56.36;8.42;0.38;0.03;0.00;1.44;0.75;0.375584188;0.000095306;-0.000000133;0
2;300;0.04;1.00;2476.75;225.44;16.51;1.50;0.06;0.01;8.20;0.76;1.500533225;0.000164339;-0.000056307;0.000000584
2;300;0.06;1.00;3716.75;507.24;24.78;3.38;0.08;0.01;6.86;0.76;3.369436535;0.000299827;-0.000793216;0.000062162
2;300;0.08;1.00;4964.95;901.76;33.10;6.01;0.11;0.02;5.58;0.76;5.973276491;0.000485697;-0.002337713;0.000271335
2;300;0.10;1.00;6057.40;1409.00;40.38;9.39;0.14;0.03;4.95;0.77;9.299428414;0.000450313;-0.00317877;0.000294045
2;300;0.12;1.00;7252.00;2028.97;48.35;13.53;0.16;0.05;4.33;0.77;13.33166057;0.000706707;-0.003324372;0.000245796
2;300;0.14;1.00;8463.65;2761.65;56.42;18.41;0.19;0.06;3.81;0.78;18.05013419;0.001078882;-0.003333142;0.000208793
2;300;0.16;1.00;9597.35;3607.05;63.98;24.05;0.21;0.08;3.39;0.78;23.43140343;0.00133243;-0.003333332;0.000181147
2;300;0.18;1.00;10780.65;4565.17;71.87;30.43;0.24;0.10;3.07;0.79;29.44841542;0.001714661;-0.003333333;0.00015969
2;300;0.20;1.00;11871.10;5636.02;79.14;37.57;0.26;0.13;2.87;0.79;36.07051021;0.002182616;-0.003333333;0.000142549
2;300;0.22;1.00;12826.75;6819.58;85.51;45.46;0.29;0.15;2.70;0.79;43.26342083;0.002440291;-0.003333333;0.000128539
2;300;0.24;1.00;13874.05;8115.86;92.49;54.11;0.31;0.18;2.52;0.79;50.98927324;0.002899028;-0.003333333;0.000116873
2;300;0.26;1.00;14908.40;9524.87;99.39;63.50;0.33;0.21;2.39;0.80;59.20658634;0.003305655;-0.003333333;0.000107008
2;300;0.28;1.00;16127.55;11046.59;107.52;73.64;0.36;0.25;2.20;0.80;67.87027201;0.004913854;-0.003333333;0.000098556
2;300;0.30;1.00;17041.00;12681.04;113.61;84.54;0.38;0.28;2.10;0.81;76.93163506;0.00536439;-0.003333333;0.000091233
2;300;0.32;1.00;17917.05;14428.20;119.45;96.19;0.40;0.32;2.03;0.81;86.33837324;0.005418678;-0.003333337;0.000084828
2;300;0.34;1.00;18943.45;16288.09;126.29;108.59;0.42;0.36;1.94;0.81;96.03457727;0.006488681;-0.003343196;0.000079112
2;300;0.36;1.00;19982.25;18260.70;133.22;121.74;0.45;0.41;1.86;0.82;105.9607308;0.007552792;-0.004723491;0.000066932
2;300;0.38;1.00;20890.75;20346.02;139.27;135.64;0.47;0.45;1.78;0.82;116.0537104;0.008691925;-0.015931006;0.000160342
2;300;0.40;1.00;21728.60;22544.07;144.86;150.29;0.48;0.50;1.74;0.83;126.2467857;0.009649859;-0.0139819;0.000147104
2;300;0.42;1.00;22903.75;24854.84;152.69;165.70;0.51;0.55;1.67;0.83;136.4696192;0.011325476;-0.001613225;0.000002032
2;300;0.44;1.00;23486.10;27278.32;156.57;181.86;0.52;0.61;1.64;0.83;146.6482663;0.011084104;-0.000033539;0.000000001
2;300;0.46;1.00;24582.15;29814.53;163.88;198.76;0.55;0.66;1.58;0.84;156.7051754;0.012468851;-0.000000127;0
2;300;0.48;1.00;25179.65;32463.46;167.86;216.42;0.56;0.72;1.55;0.84;166.559188;0.013753289;0;0
2;300;0.50;1.00;26465.50;35225.11;176.44;234.83;0.59;0.79;1.49;0.85;176.1255381;0.01534408;0;0
